22
14 1
2 1
1 4
16 14
7 2
2 6
4 9
10 8
4 10
15 16
21 7
5 7
11 9
22 9
12 22
20 22
17 20
18 19
20 19
3 18
21 13

8
1 5
7 2
5 3
6 4
5 6
1 7
7 8







12
7 1
3 2
9 3
9 4
1 5
9 6
2 7
3 8
2 10
7 11
2 12

10
10 1
1 2
9 3
1 4
3 5
9 6
4 7
4 8
1 9


6
1 2
2 3
2 4
4 5
6 5

6
1 2
2 3
3 4
4 5
5 6

6
1 2
2 3
2 4
4 5
6 5




15
1 2
1 3
2 4
2 5
3 6
3 7
4 8
5 9
6 10
7 11
9 12
10 13
11 14
8 15

7
1 2
2 3
3 4
1 5
5 6
6 7


8
1 2
1 3
4 5
5 6
6 7
7 8
1 6

8
1 2
2 3
3 4
4 5
5 6
6 7
7 8




22
14 1
2 1
1 4
16 14
7 2
2 6
4 9
10 8
4 10
15 16
21 7
5 7
11 9
22 9
12 22
20 22
17 20
18 19
20 19
3 18
21 13

3
1 2
1 3

8
1 2
2 3
3 4
1 5
5 6
6 7
1 8

3
1 2
2 3

8
1 2
1 3
2 4 
2 5
4 6
5 7
7 8


7
1 2
1 3
1 4
1 5 
1 6
1 7



5
1 2
2 3
3 4
4 5





