10000 10000
7423 2268
2987 1067
8069 1776
4864 9272
9051 9547
909 1032
9121 7275
7378 522
8659 9810
394 586
9747 4260
7793 6145
3237 6104
263 7955
3034 6533
5651 6282
6220 4150
882 992
9750 7860
4963 5625
7892 86
8787 8211
9966 1022
4949 5243
36 525
521 3755
6853 6554
5412 8630
1528 8738
4321 4989
8330 8873
3438 9533
9550 2532
8449 7539
3563 3470
4370 4319
6088 1393
1335 5959
7225 3561
5634 4176
525 8684
2407 1646
1658 6337
4411 8082
7525 8142
1287 6398
6221 8476
1020 3182
7526 5968
245 5592
9322 3388
1683 6952
2451 3401
8913 6921
6744 3719
2705 9831
2038 4731
5468 4380
1564 104
9091 2611
3054 5237
9080 7841
2784 8096
3604 2092
4657 4029
737 5147
2773 7741
3923 2926
9208 3278
2832 3702
9851 6513
1700 5443
4478 6867
7587 2471
9039 8398
4094 441
6892 6580
8329 4014
6941 9501
676 998
6718 5289
3017 8163
8476 4567
4415 7576
7667 4771
1105 1489
604 6072
4508 1682
8953 48
6731 5124
8033 4310
9620 1314
2450 9125
8481 6085
6971 9674
3619 5661
7404 233
5396 4859
7747 3218
3950 3008
4382 3248
4845 222
9690 6381
4645 7959
5870 6120
6380 7907
5494 9172
2840 1063
5191 8314
5343 496
9338 6953
9191 1842
7294 2294
1533 769
2552 3980
9474 6296
5634 1477
6778 8038
6438 9895
1464 9138
1549 3194
5190 1184
3234 1069
2049 4073
6016 5188
3837 9466
8024 4746
5420 5833
5343 39
2844 6251
2246 3690
3345 5630
5909 3140
9246 7428
7353 4584
7657 2373
7981 7658
8587 8723
6402 4605
4639 1597
1627 1717
2381 5295
30 7045
1710 2856
8803 4620
5250 2248
3394 3307
8617 8604
3957 2916
558 7553
3196 7982
3631 9490
8532 8531
9747 3319
4356 7647
4329 2963
4101 7196
1358 9960
5948 7537
9248 5529
4834 520
8591 8895
2675 6073
9955 2522
1348 3294
1073 6001
6451 6517
5136 177
7288 9671
822 3980
1160 5707
8102 4993
7649 8027
864 4850
9946 5442
4423 5663
7465 8447
5964 8733
8950 193
8500 7596
4496 5087
6676 9441
262 7519
5139 1188
3183 7263
8771 3443
3680 3230
9730 5550
3691 4298
1475 7193
390 9959
5293 1420
8339 3992
1065 3985
8135 470
5324 5001
845 449
5340 612
3275 7979
3699 8637
5841 6110
2831 2410
1373 939
8743 612
7206 8436
8545 1225
8741 9928
5628 7730
4710 8804
459 2820
9061 5125
6260 7317
5924 3599
6222 6898
6761 5992
3424 748
9417 9207
5176 8142
5458 3389
8863 4980
6767 8302
7541 344
1872 2923
8537 9028
1084 7287
8077 5796
6247 5328
2886 2039
9390 4661
8499 1015
885 2125
534 4598
9765 1899
4348 4252
3961 134
4181 9960
9476 1850
5024 3632
6423 4533
9741 9661
6187 9807
4701 3633
8549 4138 ... 326 664
6910 2547
6135 7308
267 5112
9936 6890
8945 201
9723 294
6515 674
1686 8882
4999 674
5166 2140
6665 9249
7097 5381
1432 9978
3109 5976
525 7259
9295 9578
3663 210
8696 5343
82 1573
1779 1998
6422 4647
393 1523
7876 2507
7592 6510
5380 7748
3927 5544
1278 349
9043 1605
4125 4566
6851 9340
623 1380
4265 667
7116 5518
7969 5677
4143 5835
9177 2861
1527 6464
6405 8858
8197 6554
7107 8688
899 8517
4682 1215
9556 7862
6153 9000
9399 7299
7461 2383
174 7040
214 5309
9640 4850
2146 5154
4111 7027
4089 2248
625 6043
9031 1032
9326 8649
4583 6806
8698 7790
3910 8231
7495 6240
1484 4423
3698 6747
8778 533
2566 8855
5280 6826
1601 8838
7888 1583
9650 8126
6849 1953
5884 2547
8900 2364
1247 9149
3163 4385
8502 9293
1183 5683
6270 105
5011 367
6533 3695
6564 4835
5758 627
9194 6304
451 7921
1784 9344
3396 8414
2729 5991
373 9333
8596 7427
3195 7605
7025 898
3947 2490
5561 8315
1152 3806
3918 3273
7721 9363
1966 3583
7811 4566
6980 3941
9924 7183
7346 8238
6578 3177
1220 8725
7400 496
1438 9368
839 2594
5974 8643
2389 6428
2476 7891
8357 7029
9775 3109
678 2191
9504 6813
5294 6141
8889 3895
8449 3134
981 6669
3787 6154
4395 8104
6533 6641
5652 8609
7003 435
9179 5862
3272 5308
5204 997
2215 183
5554 9537
9043 6655
6539 4017
5252 8038
9105 3433
5396 7638
615 8074
5853 5166
8599 827
8821 7436
8710 7983
5267 8550
5012 30
6994 4703
6138 7159
2552 2267
1018 9631
8035 7186
2277 6319
5986 6262
9091 7270
621 7605
1157 1277
3206 6035
4856 4126
6573 5462
3651 3193
1346 6665
8654 3602
1805 3238
3503 2376
9338 9355
1704 9564
892 7679
2453 5430
3959 3292
5067 66
3874 5086
4257 5796
6246 8702
814 8482
822 9795
7800 1445
8316 5206
2993 8031
5130 9135
9504 1137
6605 8636
8745 6827
8256 3045
9724 5088
6731 8914
2020 9823
9253 8784
6716 5744
4529 4062
6353 2518
5269 6411
4670 8228
4726 1921
2204 4172
7698 5876
4472 9065
4670 4993
9532 4081
764 4028
9036 6867
8575 9580
2626 8694
2300 7169
4503 3023
1593 1923
9408 4125
710 37
1436 5427
8904 1817
6493 4743
6217 3393
5239 4266
3218 8485
5278 4578
2413 7912
5997 4672
3393 4127
1386 1701
8429 5612
5690 6516
7291 5528
6763 7679
7559 1445
8311 3916
8316 1370
8690 1879
3019 5297
129 5174
1473 4813
8747 1117
6270 9334
1181 748
7552 5955
5888 8438
705 2616
9814 376
2841 3775
1142 2875
7258 3971
349 8117
645 4344
1371 8422
9376 4785
8742 7331
6825 4880
5903 9810
2385 1264
306 4373

