10000
8 50
74 59
24 10
41 66
88 4
28 30
4 70
10 58
61 34
100 79
17 36
98 27
13 68
11 34
80 50
80 22
68 73
94 37
86 46
29 92
95 58
2 54
31 4
50 25
2 54
78 9
29 34
99 82
36 14
66 15
64 37
26 70
16 95
30 2
18 96
6 5
52 99
89 24
6 83
17 38
2 98
72 29
38 59
78 98
10 32
46 76
36 99
43 100
61 58
96 69
14 31
43 66
68 22
96 13
72 2
91 32
39 58
41 80
36 7
96 20
55 24
90 61
6 27
24 7
14 71
64 39
51 60
24 48
86 18
73 40
48 86
97 86
24 21
36 16
26 35
43 12
80 53
45 96
93 16
92 34
70 98
54 48
26 11
63 12
9 78
62 26
36 69
96 77
68 40
75 32
57 2
56 90
8 16
94 70
81 56
56 7
64 3
50 32
9 98
52 50
4 32
32 15
20 76
10 81
30 24
38 46
18 26
65 98
55 98
5 82
49 66
79 100
10 30
54 84
48 8
74 23
6 77
54 25
71 86
56 34
58 77
58 12
20 38
34 92
34 98
32 89
90 74
78 5
16 48
56 47
8 39
36 58
14 15
94 61
58 86
30 16
64 3
18 44
20 68
48 70
96 4
74 4
49 86
59 60
74 4
98 21
51 32
81 4
34 59
4 77
81 80
50 43
50 72
11 80
84 71
41 24
51 72
30 19
47 100
31 22
97 72
99 52
41 4
52 2
6 81
50 14
21 26
13 84
89 18
25 96
58 12
11 94
54 66
4 53
8 42
100 28
72 88
15 26
42 18
16 75
46 74
21 12
40 55
6 30
54 90
81 68
53 40
99 2
12 17
92 72
29 72
62 46
59 54
28 51
12 64
95 34
28 28
96 32
7 16
25 2
98 62
4 25
82 16
6 74
82 21
92 70
66 28
26 85
68 50
68 21
85 92
12 45
35 26
68 90
26 19
29 30
35 28
36 84
49 66
12 53
38 76
46 11
16 93
11 48
38 100
48 16
94 80
30 65
80 2
26 90
59 34
1 90
71 18
44 39
37 22
20 97
48 89
60 88
36 36
90 85
35 68
20 16
46 77
62 26
20 32
4 99
99 40
5 4
80 66
92 8
25 66
22 55
4 33
33 42
55 78
18 1
90 66
48 23
80 18
63 30
40 9
4 58
62 53
67 22
58 97
56 31
95 56
22 13
94 28
92 99
71 4
40 15
100 67
36 22
44 53
87 20
24 70
6 44
12 32
100 72
40 71
37 92
58 34
29 78
11 84
77 90
92 35
12 5
27 92
85 14
42 28
80 85
38 71
62 82
66 3
55 60
48 78
20 51
78 42
100 13
60 57
51 2
96 22
32 2
46 62
58 11
29 6
74 38
70 97
4 22
76 19
1 90
64 44
90 51
36 16
64 59
42 48
97 88
2 35
29 72
49 76
54 72
30 94
20 72
80 31
14 43
94 76
97 48
71 88
44 34
53 62
58 24
46 63
10 11
50 19
91 56
44 56
86 35
76 22
52 27
52 60
84 15
38 80
38 86
43 16
61 68
41 8
63 64
70 91
24 79
14 62
95 8
57 52
87 32
45 40
20 29
72 71
64 48
25 44
82 53
89 64
60 20
80 57
62 88
54 100
84 75
37 10
68 35
40 85
52 50
67 68
11 90
28 74
82 96
36 32
88 98
90 47
91 12
13 64
13 82
52 31
22 14
1 60
33 60
78 80
84 82
54 23
22 57
19 92
100 30
45 76
100 81
41 50
86 84
16 60
79 60
62 83
41 82
52 45
70 96
70 11
73 24
26 20
51 32
44 47
70 71
25 62
20 21
63 62
26 35
50 91
94 29
23 82
24 23
40 18
94 65
72 42
56 37
90 29
48 47
52 73
12 24
37 6
8 34
67 54
13 26
41 54
58 34
96 40
52 59
39 30
76 99
93 34
74 65
20 43
29 60
63 46
17 28
46 29
1 44
93 64
84 73
2 10
22 87
14 70
32 58
20 87
15 16
38 67
98 78
92 32
75 64
78 25
85 34
51 28
100 30
10 45
65 52
13 80
35 8
84 1
60 11
54 92
22 26
54 30
97 54
62 59
92 64
88 27
73 20
42 5
52 93
46 71
77 18
27 14
45 72
80 36
30 89
18 24
30 27
100 56
30 77
20 65
38 17
19 92
84 99
62 52
19 78
47 62
64 36
69 80
20 24
78 93
54 79
54 96
72 76
33 20
32 36
66 46
80 76
28 88
64 38
84 76
85 56
57 100
65 94
87 34
25 48
68 66
6 15
53 42
86 92
4 31
86 1
86 68
1 96
100 3
29 84
18 37
3 90
79 26
90 23
96 6
20 92
22 75
7 84
27 20
2 31
45 76
32 37
25 48
9 12
98 1
100 46
34 63
40 55
22 87
63 74
94 36
89 72
39 22
92 14
61 58
93 44
76 69
14 16
37 92
48 70
29 44
80 7
55 8
38 4
22 48
35 50
17 60
84 87
97 86
64 82
13 52
3 96
32 31
96 15
38 10
86 20
82 11
9 10
40 68
20 67
100 21
16 78
81 82
86 31
26 37
95 46
3 34
35 18
82 82
59 6
52 2
36 56
73 44
23 14
42 82
80 19
61 30
56 83
14 96
56 12
82 11
5 52
17 62
65 6
23 14
44 37
89 44
40 3
44 71
20 13
18 33
83 98
60 74
91 20
11 12
16 79
43 46
9 84
100 10
14 51
52 66
3 18
54 100
70 43
4 16
30 58
27 28
56 60
23 30
87 50
80 99
91 4
87 44
28 86
99 88
18 32
77 62
64 15
84 33
23 12
92 72
43 34
54 31
16 88
11 82
34 41
60 37
96 22
78 42
21 98
28 52
38 5
58 6
8 44
59 40
44 98
82 66
58 6
18 13
60 100
52 47
23 94
16 50
62 50
32 97
24 97
39 32
60 36
66 2
88 38
76 4
90 87
46 44
58 33
62 79
32 21
44 68
18 50
26 74
64 17
80 58
15 6
90 8
6 28
15 16
9 98
50 96
30 27
86 63
19 54
80 4
84 24
60 22
76 3
37 80
16 51
14 51
84 82
48 9
7 68
18 47
64 38
13 14
5 14
74 63
80 78
70 48
32 54
34 40
98 25
72 59
19 2
18 93
14 81
71 64
50 35
26 72
92 51
18 11
55 26
2 95
88 22
66 90
72 66
76 10
95 24
24 76
78 58
28 23
40 40
84 18
13 96
22 85
28 79
88 36
82 27
96 59
20 13
44 13
94 27
34 82
62 10
78 25
53 16
52 53
74 78
18 27
66 62
40 50
8 20
26 82
28 60
98 94
26 30
54 80
69 28
25 32
78 7
2 31
99 78
50 95
28 53
60 78
71 52
21 16
20 78
96 96
19 18
24 18
88 76
14 23
58 17
41 6
2 20
18 36
36 11
32 64
52 48
52 11
50 48
24 89
72 33
60 57
46 3
24 90
20 95
87 8
47 2
66 45
18 76
96 67
65 92
92 41
57 60
98 98
10 64
23 86
100 20
49 54
34 98
94 4
67 4
31 82
87 26
70 26
59 86
100 22
54 54
76 82
56 63
49 46
32 1
64 48
20 71
2 60
83 80
97 30
2 57
31 82
52 46
58 94
16 9
62 67
74 79
80 11
33 52
73 2
88 80
9 38
79 24
10 97
24 63
24 47
80 56
32 58
72 80
95 28
17 48
14 85
58 61
58 1
37 14
34 76
9 8
74 38
97 56
9 34
62 58
72 77
90 36
60 39
28 44
43 56
22 12
10 91
84 46
82 41
76 99
75 88
6 35
4 21
51 76
43 16
36 78
35 68
7 82
44 73
56 39
76 21
76 87
98 6
38 96
84 96
77 84
83 28
52 100
6 52
78 7
91 96
97 62
32 26
7 80
58 23
54 74
81 4
84 35
83 58
64 42
38 30
88 87
52 95
7 20
18 84
40 14
93 40
84 30
66 6
88 41
88 98
80 69
64 1
100 48
2 89
6 21
20 70
89 30
59 8
82 63
17 10
46 49
86 9
14 68
6 15
55 36
71 64
80 59
40 60
46 24
78 38
92 43
99 78
57 76
34 11
71 54
54 29
29 74
83 72
1 6
56 22
48 29
89 86
75 24
62 73
25 36
90 57
48 96
68 84
77 44
37 38
58 43
97 4
82 82
5 56
88 84
18 66
94 57
39 52
88 91
27 30
8 15
18 26
46 58
26 8
80 52
42 60
82 66
26 95
94 65
64 30
2 73
41 54
30 33
81 60
77 90
22 28
16 28
42 10
59 36
66 62
62 33
73 20
95 4
55 32
84 75
14 12
60 6
73 16
30 14
44 81
10 6
85 50
12 10
84 49
86 8
90 64
34 67
86 1
86 43
75 92
64 94
4 99
64 62
92 78
90 98
30 13
70 61
32 66
12 14
5 24
66 78
1 42
19 76
20 44
64 82
68 53
52 62
96 18
30 28
92 87
93 2
40 12
14 71
9 86
21 58
46 98
80 100
3 84
68 20
70 38
30 100
6 16
38 16
30 25
16 67
80 72
25 46
81 78
16 9
22 9
46 53
96 12
2 61
36 21
6 9
78 25
50 94
25 82
62 86
39 4
8 23
14 96
52 84
99 58
90 2
100 11
75 96
29 92
48 82
94 21
69 16
54 65
88 96
20 94
7 6
32 79
50 31
10 88
54 12
8 63
76 78
93 78
30 91
61 52
28 22
40 41
65 78
37 6
12 85
56 76
60 40
50 100
22 61
35 48
94 18
2 66
66 59
20 11
38 93
34 20
38 33
95 94
11 12
6 59
8 54
8 3
15 70
40 15
88 96
49 68
14 68
61 54
71 84
23 38
100 72
97 18
42 59
36 89
72 74
8 21
93 94
53 90
14 29
4 99
18 51
44 66
89 12
67 44
68 58
32 4
21 28
65 52
6 30
86 3
74 46
98 16
18 23
24 27
97 62
80 85
98 29
12 44
26 39
73 88
58 16
28 62
83 78
14 36
2 40
24 24
65 92
59 60
44 49
28 53
34 9
42 22
100 70
31 82
77 14
8 55
99 70
16 81
48 28
76 89
48 7
39 28
3 32
80 58
47 28
42 43
3 66
70 12
44 74
71 2
88 41
9 56
6 88
15 2
66 100
60 58
91 44
4 40
85 62
28 85
15 8
5 88
36 33
37 58
26 65
34 24
5 86
80 65
56 27
80 11
2 25
50 68
5 64
29 28
2 1
86 70
24 56
28 70
75 22
38 58
21 90
84 3
42 53
68 88
89 8
34 33
82 4
33 28
51 86
71 20
24 66
75 18
19 94
92 58
20 46
94 13
80 70
99 50
58 91
53 18
94 12
42 32
8 69
64 2
23 38
64 84
74 88
33 70
8 63
36 31
35 16
69 92
100 72
70 2
74 93
12 29
80 40
70 52
85 12
45 92
28 42
100 98
96 7
92 12
54 19
24 4
74 38
81 100
94 50
44 19
47 76
76 82
36 29
49 98
63 62
48 38
15 96
31 8
57 26
44 67
16 51
43 76
24 66
13 30
81 74
58 57
24 54
39 12
10 83
97 10
36 66
59 4
4 5
47 56
51 76
28 64
53 12
85 88
17 78
52 91
84 21
100 91
43 12
61 70
67 58
100 51
20 99
44 69
77 2
21 82
50 12
48 45
40 40
80 88
7 92
34 2
59 28
98 90
36 28
84 24
32 24
13 70
82 36
36 72
67 94
34 100
4 27
89 42
90 20
82 16
24 99
62 90
2 84
94 21
14 43
20 3
35 76
95 70
44 48
28 96
65 94
22 67
30 46
48 73
98 47
1 44
82 15
76 18
12 69
76 38
38 67
60 16
96 86
82 64
79 26
5 16
41 24
60 21
98 80
19 18
58 31
22 52
72 29
23 100
50 77
88 34
15 58
60 11
73 56
30 84
88 88
32 60
86 100
20 72
70 4
54 97
42 99
49 38
27 22
64 28
48 99
32 91
24 18
30 8
84 40
75 34
47 90
32 72
56 37
80 47
86 88
46 50
9 14
13 28
86 72
50 55
97 60
74 99
86 49
20 68
5 34
30 91
32 12
70 59
100 58
46 24
56 76
76 86
68 25
91 14
26 39
44 4
13 12
64 97
28 66
4 20
44 72
1 50
30 39
98 66
17 44
80 48
49 78
93 62
18 77
46 5
80 70
76 66
54 16
41 70
28 2
86 94
7 94
73 16
100 6
47 54
38 50
47 60
58 77
100 94
4 37
64 36
16 20
22 94
16 77
24 81
10 38
24 86
43 42
58 3
99 44
63 86
24 80
84 95
94 78
10 55
68 69
2 91
42 45
95 88
75 32
38 83
97 82
34 57
16 71
12 34
47 46
21 98
15 34
2 78
84 36
46 67
71 70
48 85
82 33
42 82
2 48
24 16
62 62
65 60
78 36
56 24
27 60
24 66
40 47
68 22
84 52
74 44
87 100
18 62
94 56
17 74
8 2
5 92
45 82
64 99
30 41
82 61
56 83
80 66
96 16
90 26
58 87
83 46
15 94
43 82
91 62
90 60
36 20
24 82
3 6
28 19
6 64
50 34
32 97
29 10
45 18
10 40
18 76
66 13
11 60
34 33
8 76
22 8
100 58
62 8
94 16
16 73
48 44
52 40
96 27
15 86
20 81
10 90
46 66
77 52
42 74
16 45
47 4
84 41
34 54
83 88
10 46
17 10
62 79
62 32
13 12
100 98
24 45
8 85
88 81
58 79
41 10
22 37
8 27
38 37
31 68
17 16
47 100
78 13
88 55
36 24
32 74
78 58
66 72
26 8
10 76
7 64
89 30
4 16
32 76
98 9
97 10
17 78
76 25
58 20
58 16
26 68
38 49
37 14
43 42
79 4
82 63
20 9
12 77
83 68
24 69
21 52
21 50
92 66
72 30
70 74
84 28
12 31
25 58
40 60
61 80
25 78
87 2
66 33
48 63
92 80
92 1
88 32
24 19
36 11
25 20
58 93
6 37
32 67
21 78
5 86
8 6
72 19
95 82
70 34
72 82
1 20
42 80
10 86
80 83
20 95
87 60
23 64
84 31
100 66
98 40
84 14
54 93
25 54
14 96
12 21
70 44
69 68
52 11
16 65
92 50
41 88
24 45
39 22
68 53
52 85
28 18
11 62
91 64
43 74
11 12
58 54
1 8
22 39
61 82
35 38
83 42
11 34
38 5
10 92
50 61
72 37
60 50
76 26
88 29
81 8
56 73
8 24
98 63
20 48
64 75
59 70
68 80
64 85
48 80
1 38
24 21
12 56
39 46
20 10
78 44
77 50
14 72
75 72
5 2
87 92
16 65
58 72
14 83
78 86
10 6
92 59
67 78
84 72
16 34
92 59
22 45
84 19
74 86
28 62
16 74
15 32
40 80
13 58
19 2
48 36
88 26
94 60
34 54
8 8
53 94
91 70
34 36
24 77
62 19
16 50
80 33
36 57
6 23
5 76
94 21
88 47
98 68
21 40
74 100
17 6
18 62
30 100
28 61
83 54
49 2
82 20
73 2
91 44
70 75
80 9
86 86
23 12
79 88
3 76
22 83
17 94
82 76
13 64
52 29
49 88
58 90
91 6
90 6
90 86
68 37
6 24
60 37
52 33
36 16
70 98
88 87
70 53
97 56
2 1
87 26
54 92
69 76
21 82
100 86
96 20
52 96
40 96
70 46
80 48
44 97
27 64
46 27
72 20
86 20
81 80
48 59
74 99
92 54
40 1
59 88
99 16
56 23
44 60
50 29
66 93
90 67
58 25
91 88
6 32
90 57
51 68
97 92
34 59
20 33
78 82
94 90
48 72
50 48
42 66
80 15
100 61
67 28
72 95
18 42
96 16
98 75
52 75
47 18
80 67
80 2
98 53
38 51
71 32
98 92
79 14
20 30
13 4
90 87
10 44
96 100
5 76
34 5
62 64
62 23
52 62
89 86
4 75
12 38
37 90
78 99
19 98
36 63
4 41
48 44
64 69
97 54
61 58
78 59
66 95
14 28
12 52
72 9
79 74
6 16
45 70
11 98
3 54
92 57
58 37
90 27
59 58
2 41
13 68
49 14
24 33
76 37
72 98
55 42
22 38
73 82
33 46
92 25
70 42
82 19
84 78
94 69
21 48
7 16
42 40
36 34
36 71
64 41
92 92
52 90
81 86
18 18
24 3
30 9
51 68
40 89
16 30
8 40
78 8
86 77
23 36
10 98
94 87
77 14
64 43
2 78
72 93
85 96
12 94
80 78
40 20
50 41
76 56
34 35
66 83
49 22
8 68
4 45
51 52
96 67
96 66
44 56
63 58
87 58
86 96
58 100
78 37
48 72
94 54
84 56
6 16
34 35
48 90
95 84
4 1
20 6
65 96
39 94
21 6
36 50
30 34
84 37
8 25
84 45
20 52
20 93
18 93
21 82
2 94
39 54
75 98
70 60
62 56
15 20
8 28
2 74
2 84
89 86
70 10
67 100
96 3
12 57
74 85
95 24
70 68
72 46
77 36
98 42
89 4
96 38
46 59
90 5
48 15
84 62
14 26
77 72
80 71
100 22
90 38
80 13
98 28
16 97
24 47
60 63
62 39
69 12
83 32
96 100
24 27
98 10
68 17
91 30
70 79
10 2
90 67
41 50
76 42
64 21
10 94
35 46
55 4
79 44
16 85
96 84
8 10
34 86
97 38
14 88
61 26
46 17
75 52
31 54
5 42
64 40
91 38
52 86
72 27
23 64
92 52
6 5
62 9
52 98
89 46
92 19
23 20
90 49
83 44
75 8
27 96
47 16
14 25
94 18
63 14
60 64
96 65
18 31
14 91
20 60
35 74
99 8
83 82
88 63
43 54
85 70
88 63
50 17
42 53
38 85
88 44
1 14
50 37
54 62
98 83
84 10
76 57
55 62
70 84
18 95
62 82
32 83
90 82
9 18
49 96
60 29
82 92
82 78
62 97
52 51
70 38
92 38
22 4
90 30
80 45
89 4
34 30
70 34
74 15
85 22
71 56
58 83
92 98
5 48
18 75
76 80
54 37
63 4
40 19
8 61
12 53
96 2
92 93
99 86
42 7
74 4
97 32
70 58
52 63
100 59
8 68
22 86
70 57
11 6
40 58
41 18
84 86
21 96
82 54
20 72
64 77
62 57
63 54
40 68
70 41
13 60
68 24
26 35
20 68
46 11
37 34
61 60
44 72
22 98
11 2
44 86
54 54
82 64
22 21
12 11
68 10
65 66
98 7
68 9
10 62
58 36
46 54
84 35
66 32
76 36
5 84
16 1
32 60
36 80
53 20
59 30
70 91
44 66
94 15
72 46
28 99
62 16
32 72
33 80
24 80
70 29
42 46
10 92
44 54
48 27
4 42
11 58
49 92
38 14
14 33
20 70
95 32
26 10
68 39
20 44
70 92
16 72
67 42
40 85
13 26
62 41
20 7
42 60
14 68
28 94
92 17
98 74
62 54
42 72
31 34
59 40
17 4
74 74
12 70
8 24
82 36
10 40
6 64
48 89
70 100
12 35
14 41
85 2
38 41
26 44
44 57
30 23
65 64
2 76
86 41
24 89
15 96
60 100
96 11
82 34
47 50
37 92
69 82
40 81
64 8
41 76
91 36
56 54
62 27
27 30
90 85
26 11
78 15
32 94
2 66
80 27
94 63
17 42
90 46
33 52
30 34
74 96
96 74
82 49
51 16
50 23
88 66
41 68
74 66
24 37
18 15
34 40
87 68
22 50
82 80
1 8
65 82
30 35
80 15
23 24
39 6
27 80
34 95
98 73
72 32
92 53
77 40
83 8
18 35
88 78
92 33
58 97
97 32
10 28
52 38
61 2
56 29
21 66
2 54
55 58
96 97
78 52
2 85
44 65
84 64
80 61
54 40
28 66
86 3
11 64
28 85
4 23
15 88
20 75
72 80
57 74
56 25
58 64
74 44
36 44
62 36
35 82
62 74
84 32
18 20
63 76
90 44
44 84
21 18
56 39
87 56
51 96
18 42
29 86
16 38
30 53
34 72
53 66
49 40
76 24
10 84
6 43
26 58
16 39
92 62
28 22
17 52
94 48
10 6
72 25
48 92
19 60
19 30
3 26
62 43
100 15
25 76
38 40
9 84
52 85
55 100
96 80
5 24
62 14
43 12
43 74
82 41
26 81
10 78
24 76
11 66
26 66
14 13
70 76
8 84
47 48
23 12
23 82
70 41
14 33
92 41
91 14
60 47
17 8
52 59
21 10
40 96
70 25
90 46
18 6
98 74
47 68
86 89
75 14
23 38
84 29
15 64
46 88
20 13
48 100
77 94
93 76
24 54
51 88
26 39
24 64
49 86
64 21
1 94
94 69
5 70
4 44
50 80
44 61
47 44
55 36
30 91
2 67
79 34
88 88
95 92
98 31
60 32
84 27
1 28
48 51
28 49
23 38
76 86
80 76
64 7
51 2
48 47
74 35
81 92
4 75
62 13
66 59
50 80
23 8
82 50
50 58
12 95
35 32
49 34
23 14
9 82
47 32
96 98
88 25
28 93
18 77
68 12
98 56
69 24
52 69
64 45
49 28
79 44
81 44
15 34
43 36
82 32
46 1
92 21
8 73
54 34
30 3
82 33
95 66
39 98
41 12
10 85
64 51
41 24
68 49
20 99
18 58
98 30
96 64
71 6
10 32
71 34
98 65
70 40
43 64
18 11
18 8
37 78
58 11
88 85
20 52
11 58
15 76
21 22
56 96
92 68
72 89
24 64
23 92
94 7
75 70
42 61
22 95
68 19
20 85
35 46
100 76
87 86
3 22
79 66
20 30
60 18
96 95
17 70
22 80
31 60
62 66
30 23
19 28
81 46
56 3
76 66
99 94
78 77
34 70
82 93
9 6
57 70
87 28
96 62
78 33
38 58
12 10
34 77
92 52
22 32
24 76
89 28
44 1
20 18
52 80
4 82
4 5
88 45
36 84
82 74
62 47
89 32
92 3
63 58
82 4
66 70
20 100
10 41
28 68
40 40
95 76
17 88
29 30
72 85
94 84
7 2
61 6
9 12
94 65
28 6
27 94
4 21
26 16
52 15
10 94
76 84
72 60
16 92
94 96
75 96
46 67
79 26
68 79
42 13
32 2
91 34
76 99
96 18
36 91
70 33
72 90
20 9
54 17
68 26
28 34
66 74
47 80
42 94
87 100
64 94
60 48
8 49
95 34
94 3
54 100
74 8
91 28
19 70
16 77
36 23
5 90
6 75
46 82
88 57
64 94
55 50
46 35
70 68
88 68
10 63
98 9
3 18
84 45
62 26
4 6
28 44
70 69
19 76
79 62
2 46
40 32
58 61
1 58
65 56
38 47
2 32
84 75
65 36
51 14
30 71
100 13
58 70
58 24
63 36
84 76
73 72
65 26
64 93
34 46
4 17
24 46
20 91
21 96
24 96
7 78
18 87
64 57
89 64
80 74
76 38
18 95
8 76
70 95
70 72
42 70
11 46
14 8
79 46
52 42
53 88
74 71
32 4
56 49
93 86
84 95
90 90
8 62
87 52
24 62
40 75
33 2
81 92
33 92
6 40
12 44
57 24
90 25
14 10
82 61
6 76
48 71
39 10
96 93
31 68
56 7
52 77
79 42
24 18
21 38
8 20
40 32
26 55
57 12
24 10
85 4
60 10
25 80
76 98
64 29
64 12
9 10
33 32
49 18
6 88
87 72
20 20
17 58
100 94
76 21
32 50
74 38
90 53
71 56
44 44
60 17
35 62
18 3
59 46
46 10
60 77
79 38
16 90
28 72
58 77
73 74
13 12
83 94
71 18
6 21
47 64
8 18
6 68
16 69
100 80
78 43
28 92
92 30
50 20
82 69
6 58
66 54
31 70
88 7
48 43
52 33
91 54
16 45
82 80
51 66
42 39
37 34
28 3
24 49
41 90
82 84
42 89
80 55
74 8
6 72
12 70
75 14
98 88
74 15
12 19
48 35
91 6
42 37
25 48
9 22
75 28
18 26
60 6
39 70
56 75
65 52
85 10
96 20
56 80
72 50
100 92
82 14
65 72
15 62
72 88
50 9
97 10
20 90
2 91
35 22
63 2
86 22
88 94
17 50
44 19
6 69
84 48
16 48
76 78
84 9
82 6
52 48
97 48
17 100
90 39
90 4
25 76
2 35
24 96
46 10
66 45
50 7
66 25
40 53
34 36
34 37
90 16
68 20
86 4
66 47
53 36
54 57
52 47
84 17
44 13
24 27
82 20
86 63
8 14
84 16
49 56
17 34
90 16
93 2
45 48
42 68
58 8
12 24
52 98
23 54
10 59
88 76
63 56
49 78
22 8
92 14
48 4
46 45
85 20
97 90
48 27
28 17
17 20
24 60
91 86
38 73
14 25
78 26
12 81
90 17
56 21
55 74
3 66
88 82
49 14
43 90
40 48
62 72
18 8
52 53
83 56
70 57
10 55
29 72
84 59
30 76
11 50
20 79
29 88
60 32
7 96
47 28
99 68
77 100
57 80
8 84
6 49
37 62
72 62
1 18
71 40
3 96
44 33
78 58
97 50
74 85
5 8
58 97
10 16
70 20
40 64
28 89
43 56
79 42
70 18
56 98
99 2
75 84
27 6
67 86
50 30
100 63
47 88
38 17
39 34
90 75
10 57
86 59
80 58
38 34
83 60
68 42
70 89
98 92
9 34
90 49
62 71
64 2
65 54
1 92
21 62
64 33
2 9
51 6
22 89
31 60
26 81
6 82
64 26
2 55
8 88
78 72
49 80
76 94
48 76
82 78
4 89
33 54
36 22
72 80
78 6
62 1
56 69
30 70
86 4
16 65
2 11
65 88
32 46
84 5
53 90
86 64
12 7
80 47
52 45
57 24
56 14
99 34
81 82
34 3
50 1
20 38
36 100
80 43
70 33
49 52
65 74
87 28
15 68
100 69
36 95
7 92
94 58
52 30
64 32
62 62
80 7
72 89
28 10
33 38
33 12
32 80
54 88
15 12
26 6
86 78
63 94
39 56
21 76
43 30
23 14
13 74
75 98
54 60
37 64
21 36
64 73
74 35
4 25
55 76
43 4
68 87
31 70
93 88
38 65
29 36
23 48
60 17
20 81
12 27
66 25
73 6
83 44
18 1
29 60
31 96
6 60
24 39
74 64
57 10
72 1
14 100
88 6
11 46
18 40
37 70
80 17
42 41
82 55
64 8
68 6
96 74
81 68
30 42
36 29
12 52
92 46
6 20
88 39
32 46
88 61
34 19
6 27
28 89
100 12
14 8
38 86
51 68
14 33
100 23
73 56
60 70
88 82
12 91
58 2
67 72
87 14
82 48
54 71
40 51
17 46
95 24
50 2
27 26
30 80
50 8
80 74
51 14
79 88
6 4
83 8
44 24
35 12
98 98
79 98
16 12
49 64
64 35
18 64
13 78
74 70
96 69
37 24
10 98
30 95
8 97
32 69
70 19
1 24
40 8
81 66
75 18
55 88
56 67
34 63
67 64
12 82
22 87
92 39
58 36
39 74
82 94
74 23
94 87
82 54
41 36
57 4
73 66
80 65
20 13
100 34
54 11
8 28
30 97
90 23
90 58
31 60
52 26
36 28
8 96
50 44
4 86
10 23
23 38
92 36
82 99
85 90
66 64
18 88
73 86
80 91
50 99
4 2
87 60
85 10
53 70
72 66
100 86
85 26
96 35
95 30
53 86
7 14
52 62
78 75
94 82
52 46
49 98
99 40
59 88
46 76
75 50
61 90
53 22
72 89
75 96
1 88
22 9
50 90
70 47
1 80
74 91
56 69
73 76
56 31
5 48
33 60
14 97
98 96
80 45
34 39
57 22
17 30
41 38
92 30
46 68
45 54
72 31
32 6
11 22
36 56
64 54
20 14
72 65
99 98
56 88
84 62
32 42
16 57
50 88
96 27
6 79
71 2
90 72
59 54
90 19
44 94
90 96
80 50
81 94
16 46
4 29
32 63
6 2
82 21
87 76
20 22
100 92
38 87
67 44
21 30
100 77
14 80
45 36
98 83
47 84
36 84
16 22
27 24
48 16
88 71
45 8
100 35
63 48
17 86
62 25
35 22
60 85
66 7
46 48
78 58
74 17
55 74
49 4
12 48
44 80
18 76
3 30
70 79
44 62
94 33
4 93
65 82
42 77
78 72
76 85
23 24
2 28
75 14
31 30
66 42
86 25
84 62
87 90
22 29
26 64
78 12
73 86
32 45
67 58
44 74
100 3
25 74
98 49
74 55
94 26
22 2
93 70
38 72
100 34
98 53
15 2
64 55
48 73
47 48
52 82
63 74
7 64
4 54
40 43
70 11
95 62
86 98
36 19
98 53
22 74
40 49
74 49
11 48
14 70
26 3
10 78
17 38
52 40
38 68
20 71
90 51
72 90
34 54
2 3
32 51
78 55
53 52
86 84
48 39
60 38
72 88
34 23
41 22
13 86
36 66
78 21
59 10
88 19
50 97
51 62
1 42
99 4
12 3
29 88
59 56
23 88
26 51
50 76
45 98
90 78
32 43
62 13
75 86
32 26
84 70
1 38
93 86
40 10
39 94
24 76
28 50
30 100
96 62
92 86
93 6
32 87
29 100
50 21
74 84
94 59
90 3
94 53
3 14
6 98
6 51
26 56
38 31
22 57
15 4
86 96
32 10
64 97
11 30
14 56
54 35
15 2
100 38
90 4
88 72
21 14
33 86
46 25
46 33
91 36
41 22
95 12
88 50
84 78
65 32
94 57
14 58
26 76
28 34
75 56
92 13
97 66
18 40
96 43
50 62
42 97
74 90
56 20
92 44
34 81
34 90
56 61
8 63
90 30
82 12
96 80
18 3
35 8
91 58
38 17
46 4
8 54
4 30
21 38
41 86
80 29
12 50
46 27
36 46
20 73
55 34
20 27
47 48
48 47
38 72
5 14
98 15
74 53
78 62
26 48
7 88
93 40
66 4
28 4
66 68
78 95
95 62
53 38
68 75
38 33
72 19
95 80
23 72
68 60
70 40
47 40
24 40
93 80
99 58
39 68
50 28
53 34
14 47
73 74
79 66
95 68
9 88
74 55
16 8
34 36
2 96
50 40
91 80
66 53
98 90
72 55
56 51
36 80
93 100
73 58
84 7
18 62
76 77
92 28
40 55
89 66
24 85
24 52
54 70
50 13
96 34
44 80
88 1
44 80
54 57
17 22
97 68
49 4
58 76
22 84
100 57
79 4
35 64
80 13
33 94
9 60
42 54
88 88
40 67
52 77
51 58
75 98
75 84
65 40
75 50
13 86
83 40
57 52
49 78
96 91
74 7
76 3
3 66
40 62
22 49
83 40
30 55
7 78
67 80
97 40
22 19
10 42
88 94
88 87
76 53
58 43
74 31
67 92
78 18
62 50
46 80
17 16
85 72
6 35
62 62
76 45
58 79
57 60
84 58
5 26
64 45
2 86
10 40
80 14
8 35
42 44
40 39
36 73
88 16
84 35
23 76
35 44
21 54
18 7
61 58
77 16
18 20
84 66
8 72
40 71
78 72
58 43
57 76
63 72
97 22
63 80
40 59
24 89
80 99
81 100
7 86
10 46
93 16
67 70
12 77
76 81
44 31
95 48
86 64
24 53
12 60
9 40
28 29
3 44
76 39
92 85
64 33
40 67
89 68
59 12
32 78
30 53
46 19
14 92
56 78
6 1
1 42
4 63
12 77
6 55
33 50
58 58
23 2
42 45
56 9
14 99
48 97
26 81
78 62
70 72
67 78
2 67
13 2
100 67
4 33
26 17
40 45
99 94
6 51
78 13
35 94
14 54
58 29
26 76
51 26
53 60
84 30
48 79
46 91
3 92
28 61
10 49
32 1
49 6
40 13
49 72
90 7
46 35
92 60
68 8
98 81
78 100
55 46
5 86
57 90
54 49
24 99
96 92
40 84
94 46
37 72
70 88
26 81
94 88
33 62
11 40
58 49
86 98
62 41
46 86
84 47
100 58
28 93
80 67
22 1
84 52
6 100
74 49
61 86
56 56
96 21
55 52
78 95
22 52
4 83
6 97
6 72
38 80
32 8
4 71
48 92
88 88
86 39
43 6
70 59
38 48
76 2
52 34
50 36
91 70
22 51
30 16
90 10
20 8
18 73
28 30
10 18
68 88
60 48
54 67
97 56
28 4
97 48
59 64
1 88
1 92
66 29
76 82
76 7
59 16
64 51
72 40
12 54
16 37
20 80
53 68
7 96
82 49
59 70
51 38
94 6
65 56
100 62
46 83
58 95
78 98
26 99
20 2
98 76
8 44
49 52
54 29
66 8
49 34
86 97
38 67
28 50
6 34
46 47
24 44
3 80
73 20
58 38
87 84
15 38
52 96
59 96
73 48
100 49
71 16
54 23
16 23
74 94
62 36
5 80
75 94
22 52
49 18
3 90
16 97
40 54
67 46
36 31
90 41
34 41
87 10
26 25
64 69
40 19
73 40
72 26
92 95
46 47
95 70
60 39
15 4
16 23
28 48
92 17
64 99
59 6
52 77
93 66
10 92
17 30
48 34
59 92
38 92
36 28
70 14
27 16
83 48
54 91
63 34
68 32
33 98
89 32
61 70
33 12
54 50
74 8
66 62
47 70
86 71
84 28
34 42
58 86
97 62
16 98
82 18
89 50
94 78
69 42
93 14
16 9
56 42
92 79
56 61
31 62
16 49
51 96
89 44
28 2
42 90
6 25
32 22
32 24
63 10
15 80
20 67
54 86
16 66
38 10
40 67
44 17
96 9
19 18
40 66
69 84
48 79
8 63
78 8
20 39
45 70
86 75
50 77
90 74
88 26
2 84
54 46
98 89
98 74
8 62
46 81
9 22
28 71
92 16
23 20
30 91
46 20
32 84
35 2
70 5
21 60
23 10
91 82
42 41
88 82
77 100
92 54
100 74
47 8
70 19
28 9
72 70
22 71
38 48
65 98
30 82
38 64
33 52
16 46
92 44
27 16
76 40
92 15
7 74
80 58
4 99
46 64
74 67
4 78
78 74
33 38
91 32
4 73
60 29
48 44
79 72
18 41
52 77
63 4
92 55
99 90
93 24
52 76
81 18
8 37
51 20
15 58
16 41
51 100
13 62
55 42
16 17
98 56
36 67
66 41
67 96
65 16
40 96
58 98
30 91
2 91
23 8
4 34
26 56
34 99
4 93
53 86
84 69
46 42
42 41
96 5
86 66
92 38
77 26
35 70
36 27
77 10
46 11
14 43
74 9
59 20
36 25
78 88
33 42
64 44
65 88
7 58
31 86
29 14
86 91
75 26
86 88
90 96
29 2
22 41
57 60
83 66
81 90
33 56
35 58
94 21
40 98
78 30
96 36
2 36
90 67
1 96
51 70
22 3
33 20
98 86
18 41
34 8
56 50
58 9
20 26
54 58
87 2
53 2
9 68
82 87
53 28
54 72
30 97
72 44
38 24
69 94
89 64
69 96
35 88
38 23
67 12
4 42
17 74
10 30
58 62
8 9
62 1
28 33
79 20
72 74
72 40
55 50
12 66
82 69
21 80
77 4
4 17
6 30
79 20
66 94
32 68
33 84
9 80
80 73
21 38
8 86
19 12
90 89
47 64
64 34
20 24
98 91
48 66
33 42
60 33
25 42
2 57
100 73
33 92
22 48
92 94
34 81
27 80
28 58
50 88
54 6
54 62
100 53
61 18
56 20
20 94
8 79
40 29
8 100
65 30
89 52
90 94
95 22
37 100
47 86
25 78
26 30
53 60
85 62
100 89
22 9
100 94
6 30
85 48
86 23
46 42
6 63
98 5
14 15
4 90
13 96
29 30
85 24
91 38
3 76
29 22
100 84
93 70
100 86
4 16
42 26
65 54
67 30
82 85
12 36
63 86
92 90
77 100
69 34
82 80
93 30
86 26
34 81
49 18
30 43
70 31
46 4
92 67
14 91
76 60
52 68
10 25
86 42
56 23
27 56
20 49
1 22
62 37
58 57
100 41
36 15
34 71
96 63
29 6
40 59
97 92
24 3
4 75
20 21
19 4
68 89
44 51
76 50
49 8
85 66
51 16
82 85
61 92
61 54
14 69
35 16
61 54
92 90
32 49
92 68
4 49
17 4
6 23
7 54
55 58
44 5
41 62
58 41
54 91
90 99
54 85
64 27
100 39
43 2
6 9
40 44
4 4
89 32
24 58
49 50
77 34
70 70
80 43
5 28
60 8
11 56
88 51
70 4
23 38
32 79
82 13
32 79
29 58
71 8
38 98
84 59
100 29
21 98
94 76
10 51
84 26
44 9
90 11
68 42
85 62
82 23
74 72
97 30
77 56
48 62
66 6
84 28
19 2
42 55
76 70
65 56
76 37
79 94
100 82
77 92
97 68
76 3
31 46
14 84
12 86
70 12
10 22
51 74
8 26
41 82
62 42
40 55
27 18
100 41
36 32
59 32
42 98
30 22
62 47
28 13
20 66
10 21
83 8
97 4
72 100
50 10
15 28
61 22
78 20
7 32
42 13
18 97
72 32
73 100
70 32
77 60
14 53
38 91
78 36
43 8
48 83
100 67
67 100
27 54
60 50
67 10
66 17
73 32
10 45
26 65
88 77
81 68
86 51
38 96
50 57
21 18
100 93
52 51
22 85
18 53
79 90
99 80
50 90
34 38
2 62
31 60
36 73
80 4
58 21
80 2
50 3
64 72
78 86
10 80
46 72
9 6
27 78
47 46
54 11
80 92
2 43
2 84
16 51
6 47
34 100
71 86
19 82
99 58
22 37
12 41
20 46
49 86
65 28
11 12
23 78
61 30
48 68
90 2
17 38
94 61
96 19
64 19
50 76
98 48
88 54
3 100
60 27
42 20
42 91
12 73
3 82
20 97
16 16
72 79
65 38
74 40
54 57
65 44
53 78
8 93
26 97
84 66
73 90
88 12
5 18
62 30
42 62
69 60
23 48
59 8
40 68
12 63
38 21
14 98
86 67
78 89
91 68
40 47
36 19
38 86
72 93
20 65
15 56
46 35
32 74
54 63
49 48
49 96
5 28
14 22
83 50
34 28
92 55
15 40
60 54
74 82
15 84
24 39
37 2
18 4
16 97
17 26
5 78
9 2
72 53
78 76
51 80
2 78
61 48
18 26
64 64
96 49
19 38
95 38
56 45
26 88
48 44
52 58
32 92
64 54
21 2
28 45
49 70
73 50
7 48
33 70
82 30
38 50
70 33
67 92
53 12
84 8
3 24
80 22
58 25
91 18
27 22
83 66
40 21
64 30
8 27
96 94
62 67
7 90
12 18
92 22
22 73
56 72
98 78
22 20
24 14
55 98
86 50
23 66
41 46
54 80
94 70
36 18
75 40
62 5
66 25
95 28
70 79
54 4
6 58
24 66
15 28
85 42
84 55
71 82
66 24
40 54
94 75
46 91
22 29
2 53
86 31
72 84
78 99
13 66
55 60
18 22
90 85
45 54
93 20
32 20
82 52
37 44
93 22
50 29
52 81
24 10
4 36
36 5
29 18
80 11
76 82
92 87
65 66
2 22
38 71
38 90
21 100
91 32
75 44
30 45
15 54
15 36
60 24
43 58
50 76
6 82
26 5
63 50
5 82
78 66
88 96
4 80
68 60
92 90
36 86
33 68
62 69
80 81
56 63
12 74
61 70
59 46
59 12
10 61
23 30
88 50
93 50
12 8
84 80
44 9
94 77
8 24
98 52
68 40
18 80
78 88
95 24
45 36
36 7
92 18
97 86
30 85
20 77
45 42
45 28
19 8
41 84
28 1
82 49
88 11
11 16
38 46
33 44
17 34
24 75
34 58
56 31
12 67
58 54
2 87
24 20
49 64
22 50
9 90
79 90
64 55
8 87
8 29
36 30
78 32
95 4
86 64
74 7
74 90
82 76
28 35
82 29
72 58
10 29
95 4
74 77
10 35
32 22
100 62
50 91
22 57
98 9
78 38
72 93
33 94
17 46
48 19
53 52
24 87
96 2
38 96
58 32
3 90
40 30
32 89
10 70
50 93
98 64
71 96
44 38
22 62
58 14
29 38
59 90
81 80
96 42
2 67
30 31
2 50
30 62
79 36
71 2
8 24
34 48
76 98
63 38
20 48
80 16
71 44
72 72
86 52
62 11
31 94
44 67
26 100
42 86
86 100
10 38
96 69
82 29
66 45
62 28
20 70
1 60
10 73
11 64
20 94
96 42
34 94
2 58
98 41
99 98
94 59
79 30
91 12
67 26
42 51
15 92
74 94
30 85
12 19
20 6
48 37
92 3
7 12
54 72
80 90
80 13
21 64
46 68
26 30
58 43
90 99
61 86
40 87
17 74
17 26
60 69
49 16
50 92
17 50
88 89
90 91
16 36
63 88
84 86
76 3
45 92
60 59
36 19
90 21
42 57
74 12
3 54
2 35
33 84
56 100
21 92
32 25
50 14
82 32
2 58
53 8
70 96
78 98
8 50
5 82
96 83
36 35
67 82
81 54
64 50
64 87
7 8
24 64
28 65
5 10
14 96
20 8
1 42
17 36
18 94
22 99
96 24
26 29
38 25
17 18
53 42
48 22
12 79
84 29
66 2
49 100
14 79
70 87
84 84
52 9
48 94
55 18
80 12
46 47
84 28
48 9
6 52
16 13
44 40
32 63
100 89
97 22
8 87
5 48
81 72
36 30
1 12
22 88
21 96
69 28
8 94
56 88
82 20
18 67
85 82
84 56
36 51
35 4
47 56
75 32
13 4
12 67
39 28
56 29
39 84
22 76
97 12
30 55
32 48
68 50
48 65
83 86
36 73
34 65
74 1
86 35
50 29
18 73
65 22
24 80
33 60
48 49
50 33
26 60
30 15
14 34
85 18
11 8
95 22
5 66
4 76
58 27
93 92
67 6
92 38
11 34
52 4
27 20
69 16
43 68
30 85
50 50
61 20
43 98
28 83
58 57
4 76
26 54
89 76
88 13
76 9
65 74
30 33
28 87
22 83
100 96
33 54
10 91
83 48
15 92
80 77
66 25
96 65
94 82
84 65
96 93
46 63
76 55
45 36
9 88
100 53
46 47
24 10
32 25
92 59
25 80
31 60
40 85
99 98
75 50
31 98
97 30
34 83
44 57
34 73
77 46
5 36
20 24
70 84
82 10
23 2
100 8
23 56
79 20
22 62
80 20
24 96
48 2
54 26
78 71
16 95
76 57
46 34
8 63
12 98
16 56
38 64
22 59
66 68
82 28
83 40
97 66
98 80
45 4
16 39
91 86
66 21
18 88
98 76
76 82
82 76
2 99
20 55
75 76
65 94
20 37
44 99
36 26
66 8
87 42
83 82
40 62
71 6
68 70
76 35
100 46
8 30
4 8
18 10
56 41
88 66
88 79
3 68
33 66
17 74
3 100
65 34
96 90
66 33
100 17
12 85
100 7
73 12
66 100
82 84
10 76
8 94
50 18
54 74
15 30
32 9
70 54
10 93
72 63
3 80
29 50
2 57
28 12
27 10
16 16
95 12
67 58
72 31
74 29
8 1
1 82
33 6
35 94
18 99
88 9
90 43
42 51
62 63
22 16
57 86
16 82
36 71
80 33
2 85
30 7
18 36
41 78
11 64
28 64
70 16
94 90
38 88
78 77
73 16
57 72
72 41
1 56
88 79
42 77
80 42
74 96
95 68
62 56
26 37
82 81
10 89
18 61
1 58
54 39
91 82
56 48
22 57
36 76
48 80
15 36
94 36
50 80
47 44
52 13
70 49
98 67
17 86
30 62
62 34
56 72
65 88
74 11
77 22
85 66
44 73
38 96
7 52
80 55
92 56
36 71
56 31
29 68
82 100
76 44
71 66
63 14
72 38
92 35
34 47
4 20
36 99
17 60
22 17
2 54
11 58
76 25
32 85
72 7
65 30
17 10
72 45
45 18
87 86
40 68
18 18
76 90
50 55
20 47
20 65
19 90
35 98
74 73
2 61
27 58
78 58
32 71
91 16
46 93
56 70
9 56
52 29
36 53
24 46
50 66
16 12
66 45
64 3
4 4
80 96
42 54
36 21
55 84
58 93
1 92
20 38
54 67
78 67
77 66
35 52
7 94
23 36
90 63
63 78
74 11
57 96
48 98
16 88
94 48
100 12
90 60
55 12
42 9
33 86
75 50
13 24
42 62
22 56
31 92
94 95
96 58
88 51
41 24
41 88
58 34
71 86
52 67
28 59
62 9
70 30
7 80
54 23
54 93
4 39
50 16
64 6
74 69
82 56
66 23
46 56
71 72
42 2
6 76
15 70
42 75
24 65
72 54
78 46
53 100
64 83
13 14
33 6
76 34
92 62
89 52
7 56
76 23
64 46
61 82
74 95
52 77
46 51
1 84
13 50
65 46
29 54
5 74
2 85
13 26
41 40
42 43
60 2
86 28
68 31
24 3
85 56
47 52
24 1
65 98
57 58
37 48
12 59
14 79
40 69
34 18
9 46
33 92
72 14
16 55
56 35
18 76
6 1
18 64
19 98
46 15
4 6
71 2
90 55
48 61
87 38
50 73
26 13
71 78
36 50
24 14
11 2
42 82
84 17
88 9
91 86
46 91
50 63
4 14
23 78
73 76
34 91
36 39
29 70
11 58
2 45
65 4
59 10
58 28
40 50
53 80
75 92
100 47
50 17
28 45
10 60
59 96
14 52
100 38
14 56
80 9
72 49
42 39
44 70
60 54
55 100
82 75
29 92
86 93
41 82
28 12
87 92
12 29
51 80
66 16
10 88
76 51
16 72
98 47
22 95
6 60
76 93
29 38
75 84
83 44
88 61
52 75
80 25
22 96
98 92
2 61
51 38
59 72
92 25
47 68
75 50
89 72
85 16
94 48
44 91
80 15
56 74
30 80
99 24
82 59
49 46
38 25
55 82
20 68
72 60
10 80
90 47
84 57
16 89
54 87
7 60
34 45
32 38
4 93
81 80
47 60
48 64
30 60
78 63
96 60
91 60
68 70
61 76
50 34
28 12
38 14
92 77
36 64
72 51
8 72
99 72
64 98
44 32
94 39
8 12
27 82
20 26
58 91
57 72
43 72
89 72
48 43
30 27
60 78
64 57
36 44
57 96
50 48
66 85
6 91
40 62
20 39
19 88
96 85
24 39
86 15
70 10
73 86
76 24
18 85
8 32
72 20
16 27
4 72
89 40
4 24
36 25
11 60
48 5
42 78
34 95
63 14
24 9
60 51
82 1
48 95
72 25
26 100
48 32
42 24
12 19
60 71
30 2
57 98
91 100
32 27
44 27
48 15
60 59
66 18
23 76
73 50
76 15
56 86
82 45
26 48
68 42
97 56
54 72
38 71
1 86
8 74
8 21
52 100
20 99
18 44
51 44
52 18
12 81
51 94
74 20
13 42
92 37
36 23
60 96
14 94
18 48
82 80
63 42
58 13
98 79
8 38
64 51
52 31
82 30
32 16
82 29
70 8
67 82
15 36
40 22
34 75
18 22
32 54
75 78
10 10
98 43
16 76
17 70
100 8
89 60
2 74
91 94
48 37
77 6
64 75
48 91
42 23
83 28
19 24
74 20
14 20
56 80
70 56
90 8
74 62
92 73
92 29
84 100
93 42
54 60
62 45
34 37
69 64
36 9
50 32
88 10
66 85
67 92
16 45
64 84
43 68
12 60
22 71
98 39
91 16
46 73
96 95
56 24
1 84
47 2
20 77
83 12
6 86
74 35
22 22
20 74
41 76
46 68
84 61
4 30
24 32
40 52
35 48
93 72
36 47
66 64
42 67
60 68
74 21
82 57
65 14
33 6
90 91
12 31
2 58
14 23
69 90
24 98
80 30
34 76
22 49
31 48
76 66
88 82
58 72
8 54
84 56
66 23
68 95
74 25
48 79
79 44
12 71
32 75
16 97
99 10
81 92
71 6
74 40
90 62
52 24
46 19
4 72
73 58
64 50
18 15
64 39
84 37
38 38
84 84
78 52
72 89
33 30
5 48
83 74
96 82
78 31
98 33
56 99
90 71
69 38
42 78
58 15
99 90
54 26
78 18
52 18
22 73
38 18
74 99
20 79
6 100
2 35
57 74
2 84
39 40
48 61
68 29
65 82
4 51
5 84
79 24
46 100
96 61
34 45
11 28
48 73
76 32
47 90
13 8
75 98
64 62
94 4
38 38
36 9
20 38
88 97
54 5
88 67
51 94
98 64
80 97
78 59
18 90
72 28
18 98
16 22
77 66
90 13
92 25
56 25
68 66
50 9
8 49
12 76
53 10
20 35
31 90
50 65
22 37
67 22
18 83
46 79
75 30
40 54
52 93
80 88
44 67
52 36
84 13
52 42
48 5
19 6
28 20
78 63
90 82
85 78
26 55
84 53
54 36
93 48
80 86
9 94
58 73
49 54
61 42
94 84
25 32
58 35
8 11
36 56
27 72
64 56
91 72
44 85
16 69
47 32
30 78
48 70
31 40
14 35
22 99
91 82
72 95
34 28
68 74
5 66
87 32
41 18
21 80
67 8
46 22
84 6
59 20
72 44
10 5
62 21
8 63
95 24
78 42
77 82
74 27
25 56
75 26
2 46
27 98
65 46
29 2
5 90
83 8
10 51
54 57
49 92
87 92
83 22
47 38
63 94
92 18
58 24
32 43
52 95
44 100
2 86
82 32
94 62
31 6
70 67
29 68
57 50
39 6
88 80
36 39
15 58
42 12
42 10
8 9
70 24
52 97
3 52
99 6
27 36
94 56
64 36
16 31
6 37
54 59
79 46
56 2
16 22
90 99
92 75
78 97
50 98
89 2
35 34
60 100
17 74
19 98
100 55
9 76
30 76
83 62
75 40
98 2
10 83
23 22
35 22
82 94
39 32
33 4
56 97
40 4
41 46
34 92
96 26
23 42
67 26
89 12
95 100
26 2
86 12
58 77
88 56
76 22
43 36
6 12
18 63
66 72
62 65
3 54
14 3
22 66
46 50
84 37
71 100
90 45
66 100
64 53
90 85
47 52
17 6
48 16
84 64
67 72
34 17
4 53
50 7
58 29
45 60
22 48
67 52
73 4
32 30
80 93
28 59
30 64
74 30
63 66
50 6
67 84
26 32
80 31
56 53
35 4
66 31
95 64
42 42
50 47
5 70
48 9
50 75
9 2
70 43
72 1
40 30
14 28
43 10
81 8
18 83
86 11
24 1
12 20
98 58
10 4
17 86
36 82
91 100
72 99
46 34
35 98
94 75
66 1
27 70
18 21
90 84
18 93
32 17
34 75
16 59
85 66
5 94
8 44
98 65
27 4
19 42
45 22
53 60
51 80
86 88
42 39
77 44
24 39
9 72
66 36
44 37
10 51
93 4
90 93
61 36
16 33
83 96
4 36
80 13
15 34
98 87
15 64
20 23
7 66
20 4
22 95
1 14
49 10
75 80
50 86
98 53
4 35
43 14
72 59
41 78
32 16
32 22
91 96
38 86
64 58
70 98
38 2
34 30
68 1
66 34
86 65
2 41
50 90
88 6
14 91
99 20
99 86
86 27
78 65
10 92
20 47
29 68
59 80
82 47
20 92
94 95
98 70
86 63
55 26
12 2
30 34
83 62
63 4
67 62
77 68
50 18
34 43
73 20
62 80
70 15
98 13
33 88
95 44
82 23
66 86
70 15
46 53
56 29
24 35
24 24
70 45
33 24
24 55
46 18
69 94
66 12
47 8
93 48
70 65
16 4
34 49
25 12
58 73
53 38
78 18
96 93
95 96
32 45
14 93
38 22
65 54
58 86
88 51
97 64
64 48
22 5
30 96
84 24
80 5
77 90
31 62
87 16
3 44
84 28
12 83
97 24
20 76
60 80
66 10
36 26
24 82
54 88
84 87
4 30
35 30
92 55
64 54
15 68
30 26
100 100
92 43
66 22
3 32
25 64
62 35
60 65
17 68
12 98
72 36
32 52
62 39
9 14
47 44
61 30
49 62
29 76
53 34
100 25
4 31
22 9
14 6
40 85
66 32
48 56
58 59
84 6
18 40
87 58
100 14
28 27
34 91
28 38
31 4
4 83
31 88
72 20
26 89
67 22
55 14
84 9
63 58
19 56
91 90
61 28
86 94
66 56
12 42
43 6
96 60
78 99
92 8
95 52
97 100
28 49
54 100
63 46
50 71
76 73
62 48
9 60
18 78
23 6
9 38
39 74
48 47
15 58
78 100
8 83
26 61
61 56
67 56
68 78
27 18
12 91
93 74
18 86
35 38
28 69
66 13
17 8
46 57
98 19
14 97
54 4
37 56
88 55
84 35
60 100
15 38
70 99
51 86
6 63
36 99
22 7
40 23
5 50
95 48
85 78
57 22
82 17
54 20
1 62
52 87
36 80
88 16
6 77
71 80
52 63
62 98
71 52
16 64
34 11
8 11
4 88
96 100
73 12
38 77
80 6
7 78
48 51
77 14
5 100
92 91
22 67
79 28
41 30
81 24
30 2
74 41
99 12
100 82
2 43
44 23
86 98
34 37
56 79
5 70
2 48
56 17
98 21
99 32
49 4
51 14
50 93
4 94
59 44
36 9
22 40
86 4
32 61
72 56
52 38
61 64
74 51
14 52
86 79
4 70
2 67
62 80
46 78
48 94
20 68
97 84
68 94
75 82
20 25
36 35
80 12
82 64
38 79
14 31
77 52
2 98
72 48
42 67
6 8
39 72
51 6
87 58
14 26
92 30
76 1
43 6
47 98
88 33
65 2
68 8
8 86
42 32
69 58
94 66
43 74
66 29
76 4
52 98
74 44
81 64
51 62
58 9
4 34
96 52
12 16
1 36
25 62
78 6
25 80
100 82
34 51
87 26
28 30
58 44
76 30
82 23
48 92
96 93
72 51
66 67
38 75
56 95
52 56
66 9
91 92
70 29
34 73
8 56
50 16
4 11
10 96
60 39
14 21
64 82
17 74
4 97
31 64
65 48
30 33
79 30
15 46
5 60
99 80
42 90
95 84
76 3
69 60
86 62
17 94
78 51
70 89
18 41
6 10
79 18
56 21
64 2
12 47
67 90
60 98
40 49
17 98
24 16
50 16
43 20
80 50
98 97
36 70
75 60
94 18
92 93
10 39
86 81
54 67
18 94
14 85
42 78
26 73
65 6
65 98
97 58
34 70
32 98
86 48
62 31
34 75
47 98
10 80
31 46
92 35
14 68
46 34
53 66
11 70
34 95
68 61
22 26
32 68
14 56
80 28
67 52
18 70
56 70
28 2
36 61
10 51
87 22
26 88
5 62
20 15
16 52
64 67
40 95
86 78
86 50
40 33
69 76
9 62
25 24
87 66
62 96
27 12
90 8
78 93
20 79
96 59
10 63
22 5
40 89
13 62
32 88
20 24
40 92
44 61
92 65
97 58
5 66
2 80
86 64
32 67
47 36
91 28
28 61
40 61
6 87
1 10
18 61
93 88
16 51
48 47
6 89
57 86
92 42
44 78
48 16
98 20
26 45
92 64
46 25
96 19
19 54
27 14
40 37
60 54
48 92
56 87
40 72
40 91
38 11
10 39
39 52
17 54
94 36
8 3
45 2
58 21
100 29
45 20
65 16
88 67
44 99
39 52
39 72
83 38
57 72
31 36
84 26
78 44
93 86
64 70
66 26
12 93
41 96
3 70
6 4
16 77
48 36
20 4
76 33
37 80
98 79
40 60
64 19
26 98
2 84
54 87
11 74
34 64
65 46
56 91
52 33
98 42
66 5
48 48
6 31
18 88
66 67
66 68
19 78
68 58
28 84
77 98
41 24
80 6
33 52
40 85
76 82
76 44
15 24
49 54
13 16
70 18
49 6
44 18
56 12
8 43
28 72
72 95
11 36
64 78
57 32
56 5
34 65
17 42
79 24
84 22
80 82
92 54
45 10
28 16
78 78
17 96
52 97
94 60
3 20
18 58
70 74
24 9
38 30
41 86
62 95
44 85
30 91
32 63
54 37
89 70
73 88
4 65
92 11
32 23
76 67
36 43
40 36
22 42
11 16
78 87
64 32
56 51
100 45
28 91
44 98
26 34
4 67
70 28
95 36
24 43
26 69
84 98
40 27
86 27
72 69
43 8
68 12
7 22
38 46
76 85
75 12
71 26
4 70
57 30
86 75
68 7
7 6
84 92
50 14
80 96
57 36
49 90
4 95
2 26
10 19
14 55
19 2
89 58
60 72
49 12
82 58
69 76
15 80
89 86
94 49
78 76
92 51
6 3
36 76
31 94
28 49
18 11
56 21
78 94
89 80
54 61
84 74
56 19
82 68
71 8
20 68
43 2
91 2
10 48
35 34
42 90
9 20
10 83
18 93
72 45
15 8
5 54
24 58
26 24
36 43
38 48
68 6
53 4
46 94
51 68
68 12
72 19
88 99
66 54
98 2
77 54
60 65
41 68
46 92
38 41
24 23
93 70
42 98
26 43
78 21
90 66
11 78
22 60
88 39
77 12
76 33
21 98
71 10
1 86
10 25
86 20
51 64
51 72
44 71
6 7
89 96
32 32
76 20
87 40
42 40
13 66
18 5
2 67
88 65
74 91
40 32
45 22
63 82
58 1
51 38
66 46
70 55
10 85
76 12
80 69
3 70
24 70
92 74
17 38
33 98
2 56
99 28
64 46
82 87
52 76
84 82
24 55
80 18
79 34
12 88
15 60
18 94
8 87
94 3
78 28
39 8
98 3
73 86
96 35
55 20
15 66
23 82
96 15
60 6
35 48
42 95
97 26
8 88
25 48
72 27
15 92
27 100
40 8
80 10
32 40
82 90
22 52
2 78
8 40
16 48
89 52
64 89
89 100
99 88
21 10
48 86
1 66
17 100
25 38
30 32
32 43
18 25
8 44
9 46
9 66
50 24
14 8
34 32
54 34
25 4
100 10
46 75
32 38
19 52
11 68
75 38
21 20
42 58
9 68
72 9
95 18
61 12
61 60
93 38
62 26
84 74
3 10
66 51
86 21
58 63
34 70
76 62
100 49
67 66
88 68
80 92
12 24
30 83
96 56
42 4
63 8
53 54
42 34
52 96
22 87
70 6
46 46
70 30
22 22
3 80
10 38
18 72
22 5
52 90
20 18
31 94
21 2
73 72
48 5
14 25
50 17
13 28
64 78
10 100
31 92
90 47
58 68
78 87
14 46
24 62
76 48
41 44
95 18
82 17
62 54
23 30
42 65
21 96
72 15
48 86
30 38
16 58
34 95
92 11
20 46
20 24
62 50
69 62
44 81
64 36
78 23
22 18
52 85
31 12
15 12
78 47
94 7
47 56
91 28
76 18
41 18
41 32
91 14
48 95
85 14
38 19
35 34
48 42
31 44
54 69
18 1
72 40
87 80
1 32
3 78
35 88
88 18
35 72
57 50
74 37
90 59
24 30
60 58
53 70
38 26
20 95
9 54
48 44
44 25
60 94
81 10
36 88
98 25
99 90
27 40
52 60
62 39
33 26
96 98
99 74
22 26
64 60
22 49
88 33
80 54
64 34
92 18
6 59
84 1
2 51
62 25
8 54
28 93
90 91
12 67
8 56
7 98
40 47
20 84
60 80
92 87
50 91
12 24
31 82
72 6
26 85
78 98
80 23
28 81
98 32
8 8
83 80
90 18
3 48
30 23
70 66
50 41
11 8
5 42
12 33
89 14
34 27
53 98
43 60
3 30
30 52
96 94
78 34
10 30
88 6
54 82
82 41
39 36
25 10
34 23
92 51
88 50
13 10
16 71
86 46
11 98
41 74
36 53
88 79
54 49
3 22
5 42
6 51
66 81
50 55
54 17
76 41
23 46
38 1
29 74
24 10
89 22
5 36
6 66
56 59
79 24
50 94
15 66
48 42
47 30
53 72
25 32
26 48
24 54
70 49
92 44
78 34
55 96
76 1
74 43
54 82
88 55
56 67
58 26
77 24
73 62
98 65
8 72
31 20
57 66
80 25
12 32
32 86
4 6
90 36
48 100
16 80
18 74
76 73
70 10
46 36
64 72
89 78
62 70
20 76
74 16
55 64
29 24
90 44
13 96
42 35
25 82
38 80
14 97
40 12
48 16
78 83
16 33
16 78
11 96
99 32
97 36
10 42
92 73
38 33
52 2
96 92
9 72
6 53
82 6
20 46
50 53
84 19
72 77
57 20
26 62
67 68
3 100
56 7
87 58
6 41
38 85
50 6
38 55
62 91
30 23
15 46
32 44
62 62
9 20
15 42
65 64
22 87
99 14
43 34
32 15
32 52
92 59
22 30
40 89
2 27
78 60
96 75
72 17
11 52
80 86
32 6
79 12
16 64
43 8
29 18
87 24
28 73
77 86
51 10
76 23
64 14
12 54
62 31
80 25
85 82
36 46
32 54
32 26
20 83
22 56
51 52
57 10
67 80
83 62
59 90
78 15
68 88
22 94
19 52
60 3
57 90
59 48
48 72
26 84
59 78
61 96
64 36
88 17
64 70
38 2
6 39
68 22
98 70
30 2
70 6
75 92
52 95
32 59
14 30
70 54
60 74
98 24
44 83
61 36
37 100
48 6
6 66
69 60
16 96
90 36
81 18
95 72
54 89
84 79
27 92
67 38
59 92
62 35
48 61
68 74
55 18
98 96
22 6
22 25
48 23
9 40
28 68
16 31
98 82
60 95
70 21
14 67
98 4
5 82
74 80
30 70
87 52
8 95
26 38
6 33
68 93
16 35
76 53
4 87
22 94
51 52
74 85
22 29
8 99
2 27
26 12
2 17
82 88
2 47
86 45
80 60
55 70
59 74
24 61
40 79
35 58
8 30
30 34
70 33
4 77
53 82
84 25
20 57
75 72
24 85
88 67
49 84
89 70
22 15
56 48
84 17
100 50
55 68
42 95
15 76
38 22
84 45
68 3
35 88
16 78
95 18
63 32
30 88
53 12
87 20
78 47
22 23
59 74
50 7
84 22
67 70
24 94
71 64
39 76
93 86
76 20
38 23
74 44
82 83
98 40
92 71
53 26
40 29
78 32
69 82
73 28
92 95
7 36
89 74
78 42
79 60
53 26
36 87
16 49
48 91
86 23
92 57
36 31
36 30
9 36
36 92
64 46
68 11
78 81
68 92
24 95
38 36
100 88
85 22
1 36
6 98
46 32
80 35
43 88
37 96
86 6
98 89
2 11
97 48
55 90
77 52
6 93
62 31
84 1
100 46
72 60
98 2
28 74
78 10
93 48
86 63
82 37
66 33
50 11
52 47
11 16
55 94
27 94
2 3
15 2
31 38
33 60
3 26
18 59
82 24
58 87
92 3
90 87
48 2
64 30
100 94
94 85
94 13
30 52
74 60
66 29
50 4
89 60
45 4
12 25
30 46
42 80
55 80
55 48
40 70
100 34
14 23
56 10
38 86
10 68
2 97
16 45
44 35
96 22
100 100
33 28
76 45
66 25
44 99
37 12
71 78
10 70
71 42
82 27
56 53
26 73
93 14
70 12
94 5
56 4
57 96
9 78
44 43
12 20
6 49
91 50
93 8
73 96
70 27
71 10
1 94
88 92
100 6
32 23
58 2
62 1
57 50
82 6
79 12
67 2
97 36
44 15
10 75
66 64
14 15
96 64
96 2
99 70
64 35
95 72
3 92
50 59
16 89
10 43
46 57
64 81
6 49
13 30
83 22
36 36
85 90
30 87
61 74
24 27
87 16
60 69
80 68
88 98
12 96
23 28
27 100
17 78
87 58
16 20
49 10
3 88
26 60
42 51
69 98
29 80
55 30
32 53
56 88
43 62
94 97
6 98
8 10
2 33
78 18
8 60
85 12
81 26
81 12
100 10
78 53
58 5
55 78
9 94
9 44
58 66
56 71
16 28
40 18
40 89
41 16
28 6
32 28
63 62
40 17
10 89
86 46
41 98
8 98
20 16
13 70
62 23
53 48
94 87
48 35
7 80
26 99
66 9
69 46
48 87
62 9
60 37
4 72
42 38
68 75
98 38
23 18
100 48
21 52
74 81
42 73
84 84
37 30
24 44
53 14
58 80
82 77
23 22
26 37
19 98
82 44
25 68
38 56
46 92
86 82
61 98
41 86
85 64
59 24
25 88
61 12
38 39
97 98
76 43
10 55
98 47
92 9
84 61
92 36
17 36
71 10
72 17
46 63
14 13
22 42
33 22
37 44
80 46
6 51
11 72
52 67
4 48
82 14
76 100
29 74
22 100
5 60
74 56
53 78
16 48
24 64
74 1
38 9
88 77
98 3
96 40
66 54
87 54
74 16
98 3
57 38
78 76
79 92
42 35
86 87
94 14
67 80
15 94
15 94
14 49
78 82
46 6
83 40
78 12
68 93
13 80
86 37
34 80
34 15
58 57
46 94
44 80
68 84
58 1
62 22
44 16
94 12
79 100
100 17
44 52
92 50
12 70
95 98
22 8
53 52
25 76
20 6
3 76
64 77
61 64
86 28
87 62
86 85
60 89
60 99
21 26
15 58
69 16
86 2
53 2
61 40
89 60
56 75
61 50
40 94
74 31
72 90
62 55
13 24
54 80
33 22
81 34
22 74
54 99
55 90
94 11
43 74
86 49
50 58
58 59
74 74
7 94
56 47
9 68
4 59
44 81
50 89
97 50
10 54
24 27
7 34
88 75
70 67
62 88
57 10
74 7
16 15
43 94
79 66
38 38
19 22
21 8
98 19
50 38
47 86
92 64
62 75
4 35
71 10
100 90
12 43
48 57
17 82
79 12
80 100
23 96
11 30
94 32
60 24
71 66
76 68
84 5
29 56
84 21
66 85
47 34
78 98
4 99
59 100
55 62
15 22
17 18
78 60
70 80
75 76
68 56
90 57
92 5
36 19
8 61
48 49
8 43
48 79
99 54
54 75
86 58
52 78
67 58
100 44
46 69
38 93
16 95
69 34
71 48
68 8
19 62
87 74
27 88
54 56
31 38
31 80
28 39
67 26
24 32
5 10
76 75
60 57
89 30
86 95
59 90
89 42
38 1
69 50
30 60
46 8
2 96
34 94
40 99
66 99
78 65
81 8
22 32
74 31
74 7
8 18
54 100
63 86
78 17
36 28
64 51
100 9
14 92
8 23
78 26
32 63
10 84
4 23
43 72
38 92
56 99
100 47
100 26
24 17
24 34
32 10
22 99
71 98
96 59
99 74
2 75
70 54
24 36
98 82
52 9
42 82
38 3
5 20
70 19
56 92
96 8
48 66
77 66
30 13
96 24
75 74
8 70
99 16
72 93
24 3
15 86
55 4
90 55
69 52
22 37
51 60
42 33
50 84
5 32
35 62
70 51
88 3
60 65
40 68
100 96
7 44
54 100
79 2
79 90
51 66
10 91
44 16
2 46
44 8
28 9
70 56
20 25
70 38
37 70
50 48
14 75
38 73
18 37
19 30
94 52
61 20
57 76
100 37
50 28
34 78
28 14
98 55
70 39
96 76
40 86
21 14
36 98
86 6
80 99
2 23
30 51
93 96
84 71
36 36
72 4
89 64
8 89
8 58
80 47
10 42
63 14
49 18
96 47
42 26
90 6
60 52
42 85
28 17
68 9
10 33
2 53
74 33
36 16
55 40
9 96
61 2
44 97
91 90
84 4
9 62
46 50
6 49
66 23
30 75
19 18
14 89
56 48
34 54
11 82
6 77
95 44
16 27
92 97
34 63
25 38
57 88
51 40
50 49
99 64
17 74
74 9
60 54
56 63
4 38
68 15
3 28
80 39
61 54
5 22
40 99
38 58
12 18
18 41
98 62
42 92
22 84
44 51
96 44
65 2
10 54
3 66
3 84
58 11
58 66
5 2
40 46
28 84
26 28
80 31
66 27
58 22
52 35
78 25
8 45
55 62
69 16
2 72
14 22
56 31
56 85
29 82
66 24
70 58
95 94
96 53
41 72
51 88
92 99
48 71
59 56
35 18
42 49
100 81
21 24
21 72
94 14
64 69
46 94
51 72
63 80
8 68
29 74
72 85
45 88
88 15
35 58
79 12
29 10
67 74
90 17
21 38
52 2
92 10
4 60
32 66
35 88
30 88
93 38
34 93
48 35
29 36
44 24
58 31
39 6
46 16
52 19
34 59
100 45
13 52
84 73
94 39
17 72
10 57
75 4
84 20
32 11
5 56
14 10
44 57
16 66
1 60
72 79
88 15
55 98
89 58
3 64
62 90
78 42
34 83
44 33
82 37
81 52
65 74
33 72
60 34
34 5
52 87
45 38
6 68
48 35
83 88
50 27
24 60
33 40
7 92
2 24
37 24
95 62
78 97
96 15
21 2
96 37
62 74
70 13
71 2
74 10
68 69
24 17
2 17
56 16
8 33
88 29
60 90
12 2
32 82
80 58
69 32
99 36
42 62
58 14
14 46
18 85
99 58
66 98
20 41
75 36
40 100
27 12
52 67
40 38
34 46
32 44
97 70
57 8
5 16
56 62
70 59
32 23
10 57
6 2
46 85
75 56
70 79
34 54
72 79
60 60
76 79
12 68
73 18
38 64
31 16
35 4
43 88
33 54
84 95
96 52
33 66
69 16
22 38
66 82
9 72
18 45
90 80
78 73
8 24
2 13
76 24
43 86
22 100
51 88
32 88
30 34
4 54
21 94
69 98
11 32
37 38
3 66
79 68
16 57
19 72
46 65
3 70
48 44
93 32
58 66
32 22
90 85
74 49
41 74
56 18
28 58
73 94
86 76
84 75
56 35
24 17
80 13
23 18
63 28
20 76
95 98
32 88
7 36
82 88
18 74
98 27
59 28
78 80
22 4
40 66
49 44
99 68
27 84
42 15
97 86
74 65
94 80
2 4
27 8
6 81
24 87
14 31
39 54
27 10
96 59
82 1
98 17
17 78
88 37
66 27
8 1
70 97
48 77
54 40
89 44
54 31
52 47
62 27
54 10
83 68
87 20
93 98
9 96
78 20
65 88
76 89
7 62
34 20
50 64
43 82
36 25
72 48
26 24
78 62
6 23
11 74
9 44
59 82
50 43
62 8
96 27
1 86
92 57
9 64
41 46
6 51
45 8
51 30
62 83
35 22
87 30
28 67
71 6
94 58
80 90
53 66
26 23
60 55
19 12
37 18
57 4
20 20
28 94
30 23
30 65
62 70
69 24
8 100
20 21
59 36
18 84
9 60
7 56
32 10
20 22
44 14
55 32
56 78
86 88
77 64
55 46
40 21
66 70
72 66
6 93
64 71
72 73
2 44
90 3
44 29
78 72
53 76
57 44
100 70
40 40
76 2
84 80
76 47
6 46
27 90
53 64
98 31
56 53
6 19
57 48
12 40
56 90
94 66
96 45
80 42
89 18
24 100
22 51
1 58
26 16
25 70
80 86
5 42
70 12
72 89
74 36
83 74
34 27
5 22
20 75
60 73
96 98
50 39
53 42
52 44
80 50
6 5
60 67
49 82
97 100
70 79
50 86
80 51
93 40
83 100
74 97
56 28
15 36
94 62
70 88
1 4
58 64
4 11
14 66
8 86
64 85
44 40
62 13
70 69
83 88
43 92
12 6
91 60
23 60
66 47
92 64
44 42
15 68
33 40
25 26
90 6
18 65
78 35
99 76
82 73
98 91
53 44
88 30
81 68
56 46
69 12
89 52
34 88
54 22
20 29
14 24
14 44
92 15
78 39
80 32
58 72
23 84
42 64
50 5
68 73
80 16
56 60
94 33
46 19
18 64
64 89
43 92
55 36
70 81
74 60
90 30
78 86
10 48
42 62
94 59
83 4
14 5
12 26
4 61
74 17
24 6
56 59
50 19
18 79
24 40
87 28
40 90
58 16
31 50
12 13
15 72
53 64
100 27
86 60
44 23
40 76
10 80
28 62
5 86
41 64
18 72
79 26
95 4
73 96
79 80
97 32
44 59
90 81
35 6
62 73
4 15
50 75
76 4
2 32
24 42
94 76
33 20
16 24
16 25
76 76
87 20
5 90
32 56
96 40
59 82
17 84
20 14
20 21
87 42
81 32
27 60
46 78
17 24
70 83
30 4
34 87
30 33
14 7
91 66
88 41
22 56
41 66
29 8
91 38
50 8
42 64
56 79
96 81
8 77
96 71
91 66
36 2
26 52
86 60
50 95
80 54
74 40
33 36
97 48
82 24
43 18
67 60
46 71
63 78
45 36
11 90
64 3
21 16
80 92
20 62
92 83
70 91
18 69
30 4
4 2
71 72
74 88
56 13
72 24
58 25
87 92
56 100
11 12
16 98
29 62
56 64
4 99
25 94
66 20
92 57
20 59
15 18
78 6
25 62
19 48
52 10
46 18
88 42
57 36
58 10
88 58
64 73
15 94
78 82
48 44
20 91
38 5
48 68
14 89
46 97
66 71
11 42
54 25
68 57
42 93
14 50
58 46
78 89
90 5
67 48
48 72
48 100
49 16
60 58
16 4
59 72
7 8
94 15
16 66
51 74
17 2
55 28
30 10
28 26
75 92
86 77
60 32
33 46
23 82
74 82
71 72
98 59
88 35
24 21
26 9
42 96
38 83
34 49
27 26
40 8
16 69
84 43
62 58
82 30
26 90
86 68
56 44
84 68
58 99
19 96
55 78
47 84
48 89
78 83
46 39
63 72
50 52
10 86
24 82
92 86
92 94
6 73
5 20
97 84
86 86
4 1
90 64
60 75
94 85
93 92
78 96
64 88
74 4
63 10
72 99
78 88
27 94
89 84
41 34
62 46
46 9
98 4
2 80
86 21
23 14
86 57
86 35
78 60
66 24
87 12
64 5
32 41
12 14
20 95
84 98
94 78
31 30
21 24
52 76
8 74
45 20
37 100
59 60
10 90
90 100
100 16
68 11
46 77
60 54
96 72
32 4
48 22
55 40
80 89
48 9
50 59
19 50
89 34
86 12
54 69
30 79
95 10
96 72
98 22
39 52
98 90
58 58
52 14
51 74
100 33
56 21
44 7
15 46
9 46
44 56
47 68
71 58
69 100
71 48
15 84
17 84
51 86
72 37
7 10
96 96
88 94
24 94
9 46
54 19
32 26
80 84
20 76
83 82
98 80
7 90
19 94
8 14
58 67
78 83
54 22
47 42
42 5
38 96
16 4
98 13
48 16
78 26
74 40
44 96
58 20
8 14
20 20
76 44
26 65
44 63
39 24
94 52
59 70
70 76
36 87
36 42
44 44
9 28
52 35
44 14
20 99
6 69
40 61
2 76
19 4
29 86
8 34
38 24
88 42
64 74
70 81
20 20
93 78
28 33
72 3
77 56
80 88
34 33
51 44
94 88
18 58
40 7
85 86
28 63
10 36
12 95
46 56
27 16
26 55
15 94
42 68
98 66
80 4
79 2
66 8
50 52
90 62
32 57
26 83
76 46
86 90
50 44
97 90
1 8
32 11
26 78
46 38
34 96
98 26
72 4
48 21
86 65
86 16
61 86
24 57
84 21
9 52
30 55
18 64
52 27
94 65
72 65
37 54
36 71
76 8
25 36
18 16
98 83
12 33
6 37
74 57
97 52
15 76
17 68
60 43
1 74
6 12
21 22
7 12
94 78
92 59
30 17
82 26
68 66
74 85
50 63
54 42
17 92
10 1
53 54
30 68
25 34
80 45
39 62
100 40
100 73
44 35
29 10
50 33
22 19
18 96
51 68
80 13
28 47
71 70
84 87
31 60
41 48
77 60
34 91
94 19
56 26
90 8
92 78
79 4
13 24
66 53
81 36
96 57
45 22
12 2
87 24
42 75
8 21
93 44
78 36
74 79
36 33
19 38
84 54
11 42
17 96
36 1
92 89
30 64
92 90
10 60
63 78
76 49
20 94
26 58
84 4
50 57
86 72
2 8
14 58
6 17
95 62
87 74
42 25
65 16
10 73
46 24
81 66
64 65
86 77
95 10
66 57
82 79
36 60
90 98
15 86
60 37
69 62
44 34
96 62
14 75
68 42
70 81
92 34
54 14
18 9
40 44
83 64
50 32
56 71
40 41
37 34
48 66
26 40
8 99
97 34
2 30
27 70
16 42
38 79
36 48
60 48
100 92
39 40
72 34
74 60
35 64
100 74
53 82
36 76
68 80
100 62
98 10
64 94
93 56
61 16
86 9
4 42
96 27
13 32
63 26
90 80
9 46
28 21
44 93
25 92
47 14
29 48
30 4
88 21
60 86
46 96
72 3
63 76
74 59
37 24
82 36
46 7
32 25
78 96
79 6
77 96
73 2
64 68
70 27
41 46
26 43
56 29
80 25
27 78
100 73
31 78
92 77
14 96
85 26
86 69
90 64
24 100
78 77
38 80
72 8
53 24
42 71
52 8
66 33
82 36
39 36
18 98
23 62
24 23
90 79
99 26
82 83
58 51
20 58
68 30
53 54
52 72
100 48
85 80
6 88
16 60
62 5
92 44
20 27
38 100
91 86
8 86
23 22
83 56
40 29
40 84
98 54
66 68
69 22
92 78
42 97
87 16
78 1
68 58
28 16
70 16
82 47
34 22
57 24
88 18
17 12
78 75
85 86
62 73
27 50
25 96
52 90
22 85
44 54
63 60
77 18
84 37
66 63
28 27
85 34
76 34
40 38
64 34
32 45
28 52
32 33
64 40
90 86
77 72
35 54
76 69
13 40
70 56
3 10
15 40
17 8
96 11
2 99
79 66
87 66
56 48
100 65
84 29
91 40
93 98
69 52
40 42
88 65
82 70
40 82
26 70
98 32
99 100
20 65
68 15
28 75
48 15
7 52
31 4
88 89
10 20
46 6
24 86
90 8
8 67
57 100
27 94
1 94
60 92
7 98
84 35
70 1
21 72
53 70
6 10
58 80
66 86
78 20
99 40
45 98
32 61
58 20
17 96
35 54
89 44
78 32
60 94
7 70
79 54
56 73
34 94
38 6
41 78
84 30
52 87
80 79
27 90
30 50
36 12
49 48
3 12
28 70
38 42
40 57
68 15
54 20
14 21
60 65
17 56
89 58
80 17
88 36
59 16
14 46
73 92
13 38
87 96
19 90
4 73
82 39
49 20
81 66
21 16
95 28
40 20
23 32
52 11
29 84
4 28
48 53
60 33
4 59
82 54
60 46
48 100
94 59
28 4
44 49
5 72
44 17
19 54
64 43
73 96
76 50
78 25
49 44
2 63
26 68
24 36
43 42
85 40
54 39
98 1
39 36
62 80
74 89
47 68
58 31
20 74
64 53
46 45
12 71
19 88
14 43
51 22
79 2
89 96
78 56
100 43
39 44
6 70
52 79
44 4
77 54
53 84
48 32
42 1
52 79
16 30
73 74
4 32
47 72
73 84
6 31
74 5
54 100
27 48
26 99
70 56
69 52
74 43
32 54
28 72
16 72
60 48
30 30
11 42
96 82
52 74
28 34
38 39
20 94
60 16
84 27
33 76
83 52
92 76
77 58
82 71
33 24
41 20
1 12
42 53
36 42
27 30
60 66
19 24
90 20
41 56
28 18
97 24
97 92
40 87
2 92
35 40
14 29
8 97
8 38
7 36
68 80
79 28
92 47
52 83
37 18
63 18
67 44
26 98
60 44
65 36
55 18
76 45
10 8
16 89
40 40
6 36
52 22
50 89
32 46
67 16
74 75
81 2
2 40
20 75
66 23
31 26
55 90
62 52
81 96
21 76
94 92
16 93
98 68
8 8
31 42
67 4
21 36
13 96
92 75
77 98
31 44
42 86
43 44
75 42
7 52
13 68
4 46
72 34
20 26
29 80
61 82
34 86
74 5
83 66
9 22
83 96
88 79
55 84
76 89
9 54
2 25
57 68
65 94
35 94
96 63
48 15
24 85
38 76
43 2
78 51
59 84
25 4
82 16
58 40
33 82
18 18
77 12
100 66
93 36
6 16
84 92
13 78
86 30
78 21
24 54
43 86
6 82
87 30
16 59
34 65
75 14
54 85
66 95
22 80
44 84
38 20
48 18
78 70
34 23
20 93
88 97
66 56
65 38
38 33
79 78
7 96
21 68
57 18
72 11
3 20
96 20
25 28
8 74
39 86
22 77
56 85
11 76
83 88
47 52
6 11
67 26
36 16
86 32
81 60
50 77
19 38
73 50
26 88
100 15
73 64
68 55
36 29
37 88
26 54
96 52
63 64
62 68
30 47
1 56
97 28
2 30
26 70
93 32
9 80
49 80
16 90
88 72
28 43
22 57
21 4
40 86
19 52
24 26
38 18
68 80
49 74
86 36
100 14
72 16
46 48
76 73
43 68
55 34
80 30
42 44
50 72
20 82
4 7
12 47
22 37
97 70
89 82
66 13
65 34
34 81
75 8
70 80
65 6
78 33
24 94
25 90
68 85
15 84
18 72
66 75
100 55
72 34
98 30
94 33
80 39
27 48
70 16
91 4
46 30
54 80
28 21
9 96
76 41
44 99
54 62
84 83
74 21
53 54
24 24
1 12
46 72
64 92
52 90
1 22
22 45
70 72
67 22
66 70
4 53
58 69
88 16
6 21
98 55
12 4
79 54
49 26
78 2
94 13
9 10
10 74
95 34
16 43
76 66
78 66
40 23
88 35
78 33
61 80
20 73
96 38
90 87
42 87
66 67
70 43
7 80
72 9
98 38
72 21
50 28
18 42
72 23
4 23
68 49
30 44
16 8
50 31
17 68
22 18
76 49
12 80
64 99
62 96
37 66
42 98
36 78
64 15
20 5
70 98
40 44
56 24
6 85
22 40
99 84
59 68
94 65
85 42
80 93
34 72
99 78
66 82
80 62
81 94
26 67
16 97
80 61
84 15
3 2
47 40
4 92
84 30
6 98
2 1
73 22
9 70
14 80
79 90
76 52
55 58
41 34
66 24
56 99
34 54
34 44
79 42
6 58
30 19
83 66
97 68
80 30
20 65
76 100
63 62
78 95
8 33
66 57
93 8
91 8
54 28
40 92
6 28
30 78
40 53
39 86
14 38
95 34
16 25
78 16
58 45
21 46
45 82
17 90
57 42
53 46
60 62
57 52
37 20
81 84
43 92
2 74
15 92
29 6
24 16
9 74
5 92
25 58
47 94
40 51
78 48
98 91
44 61
8 46
18 37
5 46
38 22
37 34
6 69
54 76
46 100
36 40
33 62
68 52
87 44
68 58
80 29
96 34
90 56
18 89
42 57
95 16
60 69
26 51
92 67
52 43
56 73
82 67
2 28
75 42
44 93
46 2
28 49
91 56
40 18
40 66
19 86
70 97
51 32
43 24
4 76
78 8
65 96
61 68
8 75
78 33
86 18
42 78
35 8
40 26
86 34
92 1
46 2
34 20
67 82
54 30
55 34
62 40
88 23
86 71
73 90
56 19
11 40
89 28
30 53
69 12
56 93
25 16
88 89
33 6
77 28
16 22
23 28
38 69
46 21
33 96
70 29
91 70
86 41
34 16
67 36
95 68
66 59
66 90
96 66
67 64
97 82
47 66
8 100
77 64
76 40
93 98
88 57
57 10
3 78
62 3
94 27
75 82
61 52
36 99
61 50
46 67
8 98
12 91
94 26
90 48
50 80
27 20
34 29
21 2
72 23
82 68
86 44
26 57
12 47
92 21
45 44
54 21
84 57
100 7
36 78
20 61
70 35
90 96
83 34
62 86
3 58
92 46
80 83
86 92
64 92
2 53
42 90
46 29
85 76
56 78
82 9
16 30
88 79
83 26
58 58
11 40
11 56
87 32
58 96
1 32
17 22
78 46
27 90
38 24
70 90
11 8
16 26
33 4
39 18
38 72
7 64
62 9
94 45
10 83
24 94
58 89
81 92
53 62
43 2
58 85
1 56
8 37
84 2
48 46
20 15
4 55
66 12
7 56
86 24
85 50
9 28
94 59
18 6
19 44
8 69
3 30
73 36
62 1
69 40
2 25
12 51
88 48
40 11
16 8
30 43
62 80
60 21
25 78
50 3
80 41
54 23
68 60
24 85
58 11
76 83
67 98
44 58
45 62
85 72
13 70
61 4
51 50
14 94
83 52
64 97
76 66
79 44
22 55
55 86
40 71
52 10
95 26
90 74
58 91
12 70
47 10
94 62
82 8
24 41
70 61
56 45
98 28
93 6
32 100
30 48
13 66
42 36
33 58
37 92
96 66
76 4
52 30
8 29
32 7
96 58
3 66
75 26
72 54
74 48
78 56
18 50
51 38
81 58
75 48
28 5
8 94
34 46
40 66
18 78
94 31
88 6
4 11
44 44
76 25
4 51
99 38
65 76
96 79
5 96
59 52
71 22
88 65
84 11
61 10
61 10
89 90
9 14
78 6
23 16
67 76
85 18
98 96
22 16
72 27
49 24
24 69
35 68
70 63
66 96
72 46
40 12
92 96
88 66
26 36
32 4
63 52
90 23
7 84
90 76
76 91
4 15
20 10
97 100
86 42
41 48
23 82
42 64
52 47
92 36
43 16
82 18
87 34
36 23
64 87
4 96
94 93
33 26
96 48
11 30
84 16
44 66
78 37
7 28
47 52
23 82
41 16
94 30
30 76
42 77
1 48
62 4
89 54
6 81
62 75
53 36
90 22
4 32
71 20
72 58
8 74
20 42
63 20
92 14
77 46
81 66
20 99
98 87
20 78
27 78
68 80
16 69
72 63
92 94
74 87
64 60
73 14
55 44
9 80
92 80
8 89
56 23
32 56
9 44
82 58
73 34
23 92
31 66
23 20
44 39
48 62
88 75
34 54
10 41
28 87
98 99
100 43
90 81
70 97
75 92
89 14
23 64
93 92
10 66
20 90
53 82
54 70
30 45
87 52
86 7
16 58
100 79
52 7
38 44
56 86
26 3
14 1
76 47
13 82
51 26
67 30
88 44
32 23
100 54
29 60
24 87
39 34
18 97
69 86
38 99
10 45
63 22
68 80
24 57
49 42
82 8
92 83
52 9
58 69
89 66
74 79
28 91
76 47
52 49
86 52
38 19
4 72
25 74
61 40
70 95
32 39
36 69
62 25
31 66
28 62
78 26
19 20
89 4
18 1
82 61
51 30
46 92
69 76
45 18
22 92
26 68
28 56
16 12
26 54
52 70
1 88
58 96
25 68
64 84
34 11
23 38
96 76
47 32
12 75
83 72
95 40
18 19
13 44
42 94
97 86
82 69
2 7
91 78
75 88
34 64
4 17
14 84
42 35
79 82
96 65
52 76
100 73
43 8
63 72
45 94
38 3
30 76
88 84
52 8
86 79
2 62
46 74
85 38
69 28
54 18
75 14
2 88
39 36
7 30
10 9
58 74
74 98
4 30
26 97
35 82
60 50
4 23
52 79
83 86
52 66
46 19
63 98
31 74
22 23
70 63
92 27
87 20
8 21
63 12
50 47
68 54
48 20
53 28
15 78
6 20
50 52
24 75
48 14
72 45
89 74
79 22
86 53
13 44
50 54
86 20
16 2
20 70
23 58
96 78
90 57
81 72
16 33
68 89
97 16
46 41
70 81
67 76
68 66
30 59
6 82
45 14
49 70
42 6
42 63
21 6
22 8
96 55
70 47
53 28
51 52
83 16
18 42
86 26
10 68
75 46
12 66
88 28
32 12
62 28
17 40
48 26
40 54
4 78
24 65
92 71
89 50
83 78
13 4
42 58
36 25
96 63
96 75
50 2
48 20
80 75
16 16
100 67
93 84
38 47
26 85
65 54
66 39
73 80
12 89
88 74
82 83
10 36
25 90
65 60
22 34
27 86
50 3
7 56
2 21
22 26
6 55
45 36
53 66
52 68
34 54
39 64
71 84
94 23
95 32
88 15
71 42
52 28
54 86
70 4
46 98
42 90
48 50
2 53
2 36
69 80
16 97
22 14
43 86
10 58
95 44
38 20
89 100
58 62
40 9
16 65
16 73
68 46
33 22
62 45
32 46
2 68
94 55
17 96
59 10
22 26
51 76
78 40
15 18
36 55
78 23
12 52
4 97
14 65
67 82
48 57
82 24
56 58
33 58
47 22
12 54
62 87
53 10
59 20
22 57
94 69
56 84
26 11
24 91
86 55
99 86
32 58
60 92
80 52
38 8
24 13
22 55
35 64
22 56
12 48
90 41
32 91
10 74
58 93
46 18
1 88
61 18
33 64
34 87
6 72
58 63
14 96
71 18
61 54
4 23
2 25
49 30
74 28
36 35
82 21
19 40
75 78
1 60
2 46
69 46
54 84
17 86
65 2
40 15
60 93
16 51
19 98
4 10
76 79
78 45
72 38
77 52
42 60
60 62
28 59
93 18
3 48
88 80
68 40
46 20
26 62
74 89
44 62
32 57
62 44
17 14
52 22
86 79
62 95
52 6
45 38
86 72
6 83
37 4
18 17
58 28
20 93
12 34
62 89
99 42
35 84
82 11
100 67
91 70
16 70
38 5
47 66
70 6
63 40
57 4
58 83
10 1
44 7
29 90
95 92
28 83
49 50
42 19
2 36
8 4
50 72
98 57
92 28
2 9
84 57
14 76
84 61
44 74
22 56
60 91
15 90
97 46
36 68
18 9
18 43
25 84
29 62
66 63
58 3
75 30
83 54
76 46
54 86
16 59
12 71
88 47
16 36
51 100
16 38
54 97
62 25
25 44
88 99
90 30
22 2
64 12
11 76
1 50
20 84
30 46
68 74
76 32
99 62
86 25
44 74
10 31
53 22
21 94
2 24
3 66
82 84
76 92
51 80
28 45
14 52
10 15
63 90
46 39
42 87
66 70
44 45
89 2
53 46
28 89
56 85
74 94
78 39
66 15
76 60
52 46
82 5
84 77
29 58
25 84
63 94
73 42
6 2
44 80
52 22
21 40
77 28
90 100
63 90
86 63
35 88
11 26
7 48
95 82
37 12
4 90
99 82
10 45
92 95
47 70
84 29
9 56
33 8
48 56
20 23
30 4
