10000
27 62
79 20
88 86
78 36
4 46
84 24
5 88
2 63
73 20
29 74
13 66
62 88
95 52
50 15
22 99
3 40
18 4
46 95
76 75
21 28
70 47
83 46
36 73
80 51
84 74
33 60
32 97
64 84
11 2
2 11
33 42
44 84
34 26
66 19
14 75
61 74
83 6
20 45
85 50
4 6
96 59
54 89
4 66
16 87
74 4
93 6
76 45
56 84
4 37
96 89
81 4
1 84
65 60
53 82
68 72
70 55
68 68
24 53
53 92
16 17
42 47
60 11
27 44
32 79
51 82
6 73
86 21
68 48
71 38
16 36
25 82
18 77
38 55
90 21
2 78
22 22
50 74
52 17
55 6
25 62
60 65
62 41
29 20
70 8
39 86
82 91
23 28
18 71
71 62
29 68
88 7
53 96
16 8
48 31
6 7
37 48
42 27
18 31
8 72
61 100
78 21
80 69
70 2
29 60
81 76
100 68
92 67
14 34
88 22
74 69
14 65
69 82
100 82
49 68
38 56
84 35
26 18
45 44
48 46
52 1
9 4
4 1
78 92
72 28
45 20
28 74
95 88
60 86
52 90
34 73
13 40
57 92
56 28
23 52
28 57
25 8
2 27
98 96
46 8
56 2
56 41
40 8
37 58
93 70
68 3
73 20
26 19
38 45
44 98
57 6
27 82
10 17
49 78
68 85
42 16
6 28
16 7
100 5
9 30
24 29
64 81
5 44
80 30
54 51
86 13
8 91
28 13
51 88
66 16
59 30
58 88
59 56
84 30
36 53
52 28
45 64
79 16
52 99
60 45
51 86
80 48
34 21
100 12
75 82
22 72
68 36
22 87
21 24
95 44
100 62
35 38
11 26
83 40
38 56
99 2
99 80
43 16
70 37
2 42
60 49
93 8
30 74
72 62
11 74
70 3
88 61
94 99
71 44
70 39
41 14
64 55
14 81
14 60
88 27
5 100
91 52
44 16
14 5
30 60
36 16
15 92
52 12
90 99
64 31
7 50
90 94
49 56
10 34
86 73
34 2
16 58
68 12
77 82
60 83
97 10
16 96
32 50
13 78
12 38
93 24
55 16
16 25
20 56
100 14
6 70
91 6
57 46
20 81
80 95
9 64
24 46
2 22
5 68
18 13
76 100
11 14
12 26
66 38
2 92
72 37
54 30
48 34
77 8
49 26
90 10
42 24
34 55
60 17
46 52
79 26
60 32
27 36
72 48
22 33
83 98
48 21
94 6
6 70
80 42
59 36
96 7
88 86
36 32
16 18
68 9
4 11
46 89
49 74
42 83
10 96
6 73
37 58
98 46
68 46
80 33
24 18
42 26
20 90
59 82
42 70
28 73
10 17
4 5
56 17
81 48
22 63
27 68
90 46
2 72
99 4
75 72
16 54
70 75
2 60
12 73
16 82
80 59
79 60
20 5
8 93
20 28
56 24
55 48
12 21
68 44
39 6
41 34
34 25
99 84
2 49
54 73
80 82
44 20
28 48
72 73
50 1
45 74
66 53
74 54
79 64
56 97
86 62
40 53
23 32
12 9
30 10
20 88
63 62
66 47
62 47
32 20
64 37
8 80
2 19
66 45
81 78
3 52
81 10
97 96
22 46
36 37
58 22
50 52
59 58
49 64
81 10
49 28
52 65
95 80
27 40
6 97
67 20
18 36
10 17
86 98
73 30
34 27
31 94
94 2
84 11
79 24
82 57
75 72
32 86
5 30
75 28
78 3
50 95
98 41
2 46
14 72
12 70
4 81
99 50
8 4
61 74
7 66
35 80
66 78
24 65
70 94
6 100
88 41
94 23
66 91
30 31
36 89
19 22
80 37
93 78
99 40
85 36
14 83
15 2
19 6
34 5
89 14
23 26
34 38
64 92
24 15
32 60
24 58
34 97
44 79
40 91
14 56
76 5
41 24
72 25
5 70
42 49
88 81
58 42
45 32
88 41
88 37
62 92
100 26
44 33
20 54
56 96
60 10
39 76
90 79
74 44
90 86
92 33
35 92
24 91
56 64
4 68
41 8
56 33
28 28
98 35
33 94
78 74
33 62
96 99
8 14
67 40
6 76
38 11
42 19
86 3
20 12
58 48
89 86
16 7
66 59
4 21
62 1
34 8
16 74
3 28
93 96
36 65
30 99
46 42
41 84
43 46
25 58
84 80
86 75
77 44
50 54
49 24
40 37
20 54
68 39
21 54
88 83
30 16
48 51
56 74
50 53
1 14
10 18
19 44
80 85
52 79
91 42
58 76
54 3
87 26
14 74
31 38
12 46
72 79
1 96
42 39
45 98
65 74
4 89
54 78
64 86
80 38
56 75
98 25
68 86
10 67
20 68
20 29
18 52
28 68
66 24
80 78
46 2
75 96
14 48
80 28
61 60
76 76
6 93
1 32
10 44
70 24
66 74
54 80
48 91
76 55
28 50
32 5
42 47
100 48
95 2
100 92
43 98
34 97
93 66
97 88
25 4
57 56
22 96
42 51
75 56
52 72
6 55
52 81
57 78
33 82
86 59
46 91
22 47
20 48
69 84
8 73
98 66
94 5
48 60
35 40
36 10
6 61
11 82
3 26
11 60
40 53
82 97
45 74
54 67
98 50
58 22
72 63
1 58
49 32
25 84
94 49
23 84
56 74
55 90
48 26
40 64
58 93
36 88
6 81
52 73
8 72
48 18
82 80
21 62
20 58
42 32
10 6
23 50
45 84
48 54
48 36
95 38
43 98
66 95
87 14
35 16
24 19
27 96
72 5
87 72
91 40
8 45
28 30
61 98
84 77
99 90
13 32
93 38
47 62
88 13
15 88
86 83
77 22
34 5
18 15
78 93
36 24
15 78
48 13
70 81
95 56
64 33
35 54
2 90
86 28
20 66
42 56
17 58
32 85
76 70
88 17
78 76
10 67
12 76
68 41
57 44
75 26
68 91
52 5
10 65
66 78
61 78
65 34
82 56
79 82
19 12
45 52
82 13
38 79
74 53
93 32
3 90
54 12
82 100
30 52
82 51
97 88
88 49
80 58
42 92
4 98
15 22
43 48
35 82
68 23
96 39
57 48
46 54
74 15
19 94
54 97
80 61
40 63
32 45
51 46
24 46
38 82
8 9
9 76
46 6
50 97
5 78
40 76
52 10
2 73
75 54
78 25
12 65
44 3
77 40
60 40
37 86
73 74
84 42
89 10
94 48
23 16
21 84
24 60
14 72
65 78
12 28
19 58
45 98
76 36
82 75
42 92
33 72
20 40
58 85
42 95
18 54
20 14
38 92
78 96
22 2
52 24
93 56
44 6
50 26
93 60
1 50
90 58
24 77
94 42
39 30
68 53
43 14
32 47
74 81
93 72
61 50
92 92
52 43
51 88
34 97
54 41
82 56
56 9
58 72
42 30
50 5
72 72
42 38
74 10
50 92
42 60
16 25
8 40
8 62
4 71
46 75
30 38
90 59
44 42
89 76
5 6
100 74
60 87
42 29
72 55
26 8
72 4
40 27
8 31
96 72
93 80
30 5
52 88
75 76
19 90
82 97
78 62
39 26
39 96
83 82
78 59
26 54
92 14
52 52
65 52
40 44
68 32
86 60
66 11
86 19
33 64
11 16
83 34
77 28
85 66
16 82
79 90
11 92
88 89
20 32
38 87
71 12
97 72
69 22
59 16
72 83
49 22
70 55
14 31
82 44
65 22
82 89
44 81
72 86
81 86
61 14
100 38
74 16
52 92
32 96
7 74
36 42
92 93
56 35
82 69
57 36
30 29
2 5
33 66
86 19
90 93
52 38
75 92
86 25
82 75
22 26
72 36
49 4
40 25
11 58
78 66
23 16
18 92
4 30
90 70
98 94
19 52
29 32
63 84
56 51
80 97
90 27
18 62
59 76
45 96
70 11
68 8
80 23
64 21
86 63
8 35
72 24
36 63
16 96
61 12
93 92
92 78
53 86
89 94
70 13
54 47
8 13
31 16
83 98
75 18
46 73
49 40
86 40
41 54
10 56
2 74
29 42
84 76
16 27
40 15
46 53
56 39
16 43
98 36
26 47
3 80
99 40
88 82
55 32
56 85
8 37
16 74
74 85
88 32
42 79
88 75
66 2
56 67
58 36
34 17
97 98
85 14
18 51
40 87
10 89
2 8
32 87
84 88
45 98
90 100
72 24
34 74
32 3
36 32
22 92
34 3
80 55
12 59
14 90
57 2
73 66
98 100
35 42
87 42
92 52
72 62
6 71
26 20
53 6
83 24
15 84
98 47
40 43
57 48
74 86
22 47
66 51
21 10
71 14
26 30
72 76
99 16
28 31
63 40
41 36
95 56
44 30
99 50
14 83
36 65
19 48
62 89
52 33
66 21
78 21
36 93
15 50
21 66
36 8
8 38
65 60
1 88
67 82
81 28
86 73
38 26
67 84
16 66
64 65
77 54
86 43
6 16
70 25
59 60
94 17
35 46
49 38
34 39
26 50
96 85
7 28
77 66
49 30
76 34
32 32
13 68
59 12
94 10
51 60
72 38
72 70
67 46
44 47
72 41
84 20
62 75
68 63
30 28
48 96
24 17
42 61
88 62
72 74
82 27
2 8
75 26
86 23
52 58
36 45
28 55
4 17
84 9
59 54
89 100
12 24
4 44
70 37
28 42
54 75
62 83
59 96
35 68
59 98
64 67
40 19
100 41
66 40
8 63
30 15
93 78
3 74
44 75
68 41
56 86
75 88
56 20
100 15
65 74
52 53
26 63
74 85
61 66
73 46
18 53
58 15
100 21
33 42
77 98
84 11
7 6
82 7
5 28
80 39
35 22
54 12
34 45
15 80
50 21
26 82
2 95
14 85
15 88
39 26
66 96
84 87
68 13
61 22
11 44
44 56
92 98
16 30
92 94
56 93
93 42
90 86
27 6
10 62
18 73
26 59
38 82
87 30
80 99
63 64
30 47
92 18
64 15
52 80
48 80
94 22
61 68
96 7
58 16
26 52
10 45
37 58
34 88
95 86
14 50
96 100
19 60
82 12
78 99
38 14
52 25
12 10
34 35
6 13
34 13
50 80
92 72
31 70
51 68
63 20
38 78
29 88
58 4
82 7
60 61
92 2
68 22
24 71
96 35
51 36
58 45
19 44
100 81
13 26
40 34
21 84
50 24
29 18
61 34
97 48
96 36
34 56
29 50
78 19
46 6
74 5
11 72
54 99
23 38
56 98
64 84
84 64
71 84
94 32
12 27
96 45
60 13
90 2
27 72
92 63
33 82
4 3
16 90
48 67
25 14
26 22
86 69
5 54
32 50
6 93
10 88
7 44
75 32
74 68
74 87
76 81
66 36
10 42
29 76
8 49
4 3
48 49
72 13
80 40
34 36
62 74
48 70
93 62
95 30
68 21
41 100
6 96
49 38
57 16
59 46
78 71
21 40
32 96
45 88
43 8
42 46
10 33
18 59
80 87
26 36
86 57
32 25
86 65
74 27
73 36
94 4
62 81
81 68
58 89
64 9
91 92
38 99
12 19
40 34
78 63
55 50
27 90
36 70
46 5
29 32
12 19
68 33
4 62
60 44
77 18
60 84
66 31
56 8
75 90
48 33
34 67
84 96
44 53
80 33
64 93
73 96
46 54
77 10
56 22
2 97
85 42
100 29
69 78
99 70
38 16
10 78
24 23
48 83
6 91
80 79
82 8
26 72
34 28
13 12
100 70
16 18
75 4
3 98
40 9
47 18
19 10
81 72
30 38
10 76
80 10
2 90
56 88
6 33
62 11
34 26
15 76
90 34
71 76
97 92
74 55
19 86
21 38
96 59
64 73
58 16
17 20
32 70
8 5
94 17
63 88
12 51
48 86
64 83
2 62
83 64
14 18
18 32
2 6
42 42
58 33
38 92
38 24
1 96
96 93
92 72
25 2
16 28
45 92
49 54
59 74
83 96
87 84
20 70
40 38
81 36
71 26
92 88
1 48
56 77
48 56
4 79
78 100
47 10
88 28
26 95
92 81
53 28
26 8
5 88
89 58
98 57
15 90
80 12
66 9
26 44
66 38
62 82
10 5
61 20
46 97
63 74
40 17
85 36
37 2
89 92
100 92
70 54
51 68
92 96
28 63
24 41
68 22
26 72
60 96
91 36
99 16
78 33
40 12
18 81
61 70
86 11
32 72
46 97
13 82
100 79
14 14
61 14
25 44
24 42
70 67
49 54
82 81
27 10
83 84
19 92
25 48
99 20
96 33
6 50
69 20
12 21
21 8
69 88
73 74
46 92
85 86
86 87
70 65
35 48
12 29
93 6
60 94
12 66
73 38
38 12
44 95
10 46
72 69
8 29
30 92
3 76
67 14
61 46
12 80
75 96
33 72
8 51
72 1
71 14
49 18
92 15
34 34
24 52
32 3
14 4
55 96
2 76
24 93
74 73
47 52
13 68
27 34
100 91
34 17
17 28
32 57
47 90
84 61
40 71
18 1
86 58
98 20
49 94
52 59
94 20
72 8
83 62
58 73
98 15
30 89
91 66
53 54
78 58
46 30
39 74
13 82
9 88
10 61
76 30
61 74
87 4
77 74
72 48
35 58
60 94
70 36
14 88
84 97
64 27
11 54
34 78
75 32
62 58
78 70
49 84
44 55
92 34
17 26
78 64
36 12
82 2
67 14
18 80
26 83
11 44
83 68
70 13
52 7
66 94
26 33
88 79
52 45
92 45
12 61
10 57
20 29
70 56
70 70
1 82
82 20
78 25
36 57
28 48
26 87
49 44
90 68
52 40
2 30
71 34
64 81
40 10
54 39
46 18
68 87
26 26
70 29
14 32
59 88
38 87
72 81
54 32
27 82
100 84
11 2
54 40
36 35
53 18
62 96
42 36
24 79
51 70
42 69
6 24
90 3
20 74
82 25
34 36
4 3
69 84
2 78
17 88
12 8
70 13
72 13
94 79
82 90
14 67
68 100
58 94
62 18
44 18
57 52
56 30
5 12
96 24
12 97
46 68
55 74
38 32
1 92
31 70
11 98
94 4
27 88
76 33
41 60
97 100
62 13
31 48
48 37
76 100
42 44
28 29
59 6
87 96
37 42
63 50
62 79
84 39
90 83
76 16
92 19
21 98
45 52
70 77
54 99
65 22
16 81
34 46
79 90
38 64
11 4
67 66
62 8
66 39
97 14
11 74
97 66
30 79
24 10
46 98
72 89
49 94
42 18
22 14
41 92
85 24
52 90
27 36
69 46
27 44
44 6
96 70
12 12
25 46
63 40
24 42
83 76
45 40
45 24
54 82
65 32
78 65
25 82
10 39
36 56
93 38
66 84
100 51
50 92
98 82
78 76
14 80
64 98
46 48
63 64
46 84
28 62
88 54
12 70
13 84
93 60
44 67
27 32
16 44
54 26
96 30
8 27
93 94
22 59
18 69
78 81
38 75
12 49
84 82
3 42
30 100
24 26
72 69
81 84
78 21
70 26
47 68
15 50
20 24
41 78
88 89
88 66
53 34
8 91
18 46
94 41
94 65
88 27
70 32
78 17
64 44
68 8
62 81
57 100
75 56
80 93
7 54
77 64
90 35
80 12
96 47
49 62
19 48
22 45
56 56
26 11
51 86
43 42
48 47
41 66
82 73
4 15
90 2
3 12
80 54
1 18
27 30
47 88
39 60
12 24
78 16
54 62
50 24
98 86
64 53
38 44
10 66
46 87
13 12
31 100
83 72
48 52
16 67
31 54
10 2
58 39
27 64
32 71
86 70
47 44
78 81
31 40
33 42
37 40
14 7
68 89
65 40
100 97
76 97
44 22
5 38
23 44
4 63
6 66
7 70
44 100
80 43
65 100
66 32
16 22
49 98
67 64
30 51
82 9
2 58
39 8
50 9
24 45
93 74
9 58
28 91
42 40
50 36
50 26
76 88
62 77
16 1
85 20
7 26
62 51
92 7
81 16
11 18
95 4
64 46
36 43
64 36
87 54
27 24
12 84
58 88
53 72
90 14
46 92
7 92
64 21
29 68
48 8
78 47
48 86
46 14
84 19
84 35
85 86
26 83
98 32
17 92
47 42
28 69
98 89
30 68
70 97
18 1
85 64
42 68
4 90
32 15
28 9
44 42
42 37
34 48
80 55
82 43
76 15
55 66
26 25
65 24
77 48
22 5
2 80
14 50
72 48
39 42
30 28
92 37
14 21
71 42
12 53
18 7
28 74
36 41
90 7
37 6
76 58
12 91
42 84
54 32
64 100
62 83
84 75
18 70
82 1
92 46
9 24
42 4
35 80
42 55
60 68
14 18
36 1
67 34
30 80
100 19
4 32
5 94
69 74
28 78
76 91
67 44
16 2
88 53
100 17
57 36
36 68
15 84
26 6
80 90
92 15
68 18
90 90
54 21
43 58
27 6
62 48
18 87
73 18
31 6
89 14
78 100
82 38
31 12
36 62
50 60
46 60
62 47
97 50
92 32
8 73
64 13
25 4
90 87
58 6
12 67
58 29
88 12
66 69
14 5
30 31
25 60
78 75
98 86
14 50
66 64
60 16
62 86
60 52
53 74
5 24
25 56
100 46
42 89
21 6
8 87
12 63
42 89
1 50
28 79
80 84
74 37
87 2
48 66
21 94
2 84
4 93
78 38
80 51
72 53
54 75
94 31
91 16
21 50
17 20
70 58
11 72
54 79
32 35
70 66
11 12
21 18
12 44
34 36
39 36
78 100
98 51
99 86
68 52
34 24
49 8
53 38
25 60
98 58
99 14
68 53
26 78
8 68
11 74
13 74
80 14
74 76
20 91
6 60
82 30
80 16
47 64
22 62
8 9
86 94
61 90
76 83
66 38
100 54
82 44
33 52
86 27
72 66
22 21
25 80
47 4
6 69
2 75
37 44
15 54
6 77
53 26
81 38
99 2
36 62
7 60
54 32
41 78
65 24
95 100
17 78
78 48
82 99
61 8
68 25
62 21
26 20
4 98
15 20
22 32
100 37
90 40
35 32
3 92
86 62
85 34
50 29
62 62
74 24
46 38
43 2
94 37
12 28
96 82
82 22
52 8
89 38
28 39
42 37
63 56
96 97
22 86
14 31
97 70
15 64
1 98
55 6
6 72
80 46
71 56
62 65
75 72
24 92
14 31
98 46
32 79
87 78
96 15
50 6
82 42
87 70
40 77
42 18
70 32
26 25
83 28
89 82
23 80
92 4
97 16
62 95
84 50
40 36
12 87
16 70
23 56
38 53
52 98
66 14
65 30
34 39
98 33
1 24
6 56
99 18
6 87
68 60
61 46
39 72
9 82
69 26
40 26
70 1
35 54
52 76
50 98
64 69
90 41
34 44
37 6
3 18
12 36
10 40
24 73
60 44
78 23
83 12
97 8
15 40
7 18
6 62
78 23
48 79
15 80
51 56
80 57
42 65
95 90
97 30
89 24
30 28
31 48
98 32
67 52
52 68
54 74
84 20
92 14
2 49
94 88
45 90
97 50
68 76
84 21
20 30
32 95
18 4
26 23
36 49
60 78
30 85
60 62
44 86
84 65
13 2
98 23
33 14
28 20
12 33
42 74
96 95
30 12
26 92
2 82
72 56
37 16
17 22
50 27
40 1
71 78
92 55
90 3
82 36
38 87
18 68
19 34
88 49
67 64
24 49
58 38
2 68
64 2
18 95
82 66
38 77
54 76
52 65
39 34
71 34
77 56
16 33
49 68
19 22
68 43
99 52
36 59
85 12
45 98
36 5
97 46
98 76
56 85
37 98
40 12
26 47
1 100
20 53
21 50
25 94
83 100
4 24
64 60
40 79
78 68
63 94
21 62
86 89
16 57
67 78
57 66
90 40
20 54
88 46
38 53
56 65
21 68
78 19
12 1
70 69
92 33
28 28
86 40
83 36
77 78
46 91
32 35
27 100
77 32
72 83
54 16
16 8
51 46
12 45
21 64
70 1
58 90
17 54
21 50
62 96
18 17
12 58
29 52
26 65
44 3
74 61
24 59
21 70
49 26
8 39
24 55
90 91
12 26
100 100
79 100
79 50
57 40
54 16
77 100
4 22
46 90
8 73
52 44
6 29
10 35
8 37
16 11
25 98
62 22
90 7
17 66
76 55
34 70
65 28
20 82
52 31
62 26
30 79
30 51
40 62
54 93
42 79
77 64
51 28
50 28
5 96
39 6
92 52
56 100
39 84
20 18
4 39
22 5
80 86
48 94
58 53
44 2
16 43
60 79
28 80
5 82
84 54
56 53
28 10
60 49
6 90
80 78
48 52
44 54
39 38
65 10
100 79
21 40
9 2
4 11
33 24
43 82
4 19
59 10
6 89
79 44
76 5
92 22
80 69
44 71
87 18
64 46
96 2
23 12
67 40
96 25
10 53
79 100
97 58
39 70
63 60
30 58
30 28
39 24
39 78
84 88
78 69
29 24
36 67
92 99
34 54
66 42
13 74
85 54
2 76
62 48
86 78
26 26
16 16
6 32
14 29
76 68
29 70
72 5
80 8
62 12
6 70
76 66
66 21
99 4
71 44
92 67
8 60
40 34
25 48
41 100
9 26
58 49
78 66
34 36
6 96
20 66
1 30
91 92
62 15
42 34
10 97
81 72
4 61
40 12
45 50
85 66
38 39
80 71
54 46
96 28
98 66
76 22
75 12
56 32
63 52
15 60
96 56
42 15
82 74
6 77
44 34
60 85
26 62
59 26
25 4
36 1
8 19
70 24
10 10
37 40
45 70
5 70
26 92
78 65
14 18
31 54
14 70
7 20
34 13
15 38
22 4
61 84
48 47
72 20
77 26
18 18
26 73
79 46
50 37
5 78
70 83
42 13
72 35
76 34
66 70
63 66
38 69
34 1
56 84
44 28
71 18
16 8
70 64
37 32
59 30
92 46
22 68
80 76
28 57
92 40
46 20
29 22
18 75
64 56
66 46
13 54
59 30
68 81
10 70
69 24
10 80
2 79
46 1
23 74
64 13
77 96
22 51
6 90
51 12
22 48
44 70
22 75
30 48
60 81
34 28
46 81
30 46
85 86
83 44
30 48
10 94
75 84
32 90
69 20
48 22
2 63
68 19
27 36
15 56
44 54
46 54
50 83
6 65
39 48
8 36
46 55
16 41
76 54
42 5
34 15
100 81
84 18
82 58
22 27
30 34
58 94
93 88
90 17
35 60
65 90
20 71
99 16
62 93
37 54
82 7
66 15
58 45
81 14
93 92
60 68
44 58
30 78
63 94
37 2
11 76
62 5
51 8
100 1
68 17
92 8
17 74
61 36
94 51
43 78
43 22
90 64
53 60
94 48
98 39
96 40
18 89
44 7
70 77
33 94
96 96
20 21
58 38
41 10
52 12
7 28
82 89
61 90
39 16
1 64
86 77
51 8
63 100
50 93
78 29
44 28
44 92
50 5
48 9
100 59
41 48
79 12
90 93
38 59
98 55
14 63
48 91
17 70
97 60
15 2
44 22
9 44
20 48
55 86
9 74
52 7
77 86
47 18
86 9
86 56
82 22
22 91
17 32
5 78
14 85
80 44
44 63
87 30
28 32
18 43
77 20
78 49
8 5
34 86
73 2
3 76
17 10
56 62
24 56
13 48
17 28
46 5
59 100
63 68
52 7
66 88
96 86
63 8
16 69
36 20
22 8
93 100
44 23
87 92
36 46
95 84
4 90
14 13
4 85
82 96
32 69
27 44
54 92
74 47
88 34
31 74
10 73
70 74
74 22
35 26
54 36
76 96
46 36
77 38
56 17
16 9
57 64
43 18
100 48
54 85
78 29
88 35
92 33
92 84
51 32
60 2
93 60
47 94
28 10
80 54
11 60
82 100
15 24
29 54
9 78
43 34
16 33
18 55
6 79
9 26
20 57
34 21
98 25
23 28
2 47
76 41
13 56
81 36
57 50
61 90
57 72
32 60
50 63
7 72
8 52
80 86
22 22
5 26
8 46
32 83
69 72
94 88
74 77
5 60
50 14
58 31
100 86
18 58
5 72
49 84
42 46
40 62
54 79
85 52
29 18
15 26
62 76
96 48
62 71
62 46
6 33
62 76
10 48
12 4
46 6
31 64
22 57
50 55
20 84
32 81
12 58
80 69
80 81
66 15
12 64
98 19
55 44
64 98
73 54
75 18
11 50
93 88
46 15
86 35
59 60
50 73
63 26
76 90
59 54
86 88
75 4
11 48
32 94
92 82
6 56
42 50
91 82
16 89
28 62
52 47
76 59
75 32
24 5
94 64
96 55
4 68
72 32
96 54
16 49
72 36
16 90
1 28
91 62
11 70
100 87
84 82
37 34
60 8
71 32
70 66
66 28
89 40
52 18
46 100
40 22
92 98
96 8
39 24
40 46
88 94
96 14
21 52
92 6
30 82
58 35
34 100
46 9
98 39
66 93
84 12
54 4
4 27
5 70
12 76
67 2
92 92
16 67
82 73
76 55
92 66
23 30
81 70
77 60
32 17
34 40
49 6
8 75
26 86
35 28
18 56
12 54
85 78
52 62
94 43
4 96
70 99
54 47
71 78
80 24
25 10
96 62
84 75
50 34
6 12
5 2
21 68
66 95
46 81
57 44
60 40
74 18
49 4
87 48
27 2
99 14
64 97
30 87
11 2
36 37
50 96
34 54
89 4
10 92
100 45
92 72
22 70
72 79
50 11
84 29
98 81
16 13
43 34
70 45
46 44
76 15
18 56
82 31
56 78
74 52
89 4
83 94
81 48
17 90
30 52
91 94
22 43
96 13
41 92
25 50
72 100
99 14
74 53
38 16
16 90
19 66
9 2
8 55
66 68
40 84
38 3
15 62
67 98
68 46
59 54
8 8
5 66
80 48
97 42
26 92
82 20
52 63
82 5
23 50
87 22
85 34
66 4
42 51
86 58
12 91
88 49
54 57
88 24
43 34
96 82
98 60
17 56
42 14
11 32
2 3
86 86
84 69
60 5
10 38
36 42
48 69
2 52
84 51
44 62
15 80
100 49
48 11
43 46
44 86
100 17
86 3
100 19
61 76
35 6
68 54
43 64
76 76
8 52
49 74
36 87
64 31
59 2
82 10
57 28
3 12
37 90
26 11
76 69
71 54
46 52
96 8
98 7
24 59
12 56
19 30
75 86
100 59
80 3
48 64
4 100
34 72
20 24
70 7
76 78
70 59
8 12
68 27
83 22
6 36
30 78
55 26
86 59
71 14
75 84
35 60
37 50
42 27
32 88
93 82
56 53
22 46
22 67
22 58
94 9
18 98
56 88
36 79
18 71
97 82
52 55
39 14
22 93
25 80
54 59
22 39
58 87
20 6
28 48
20 59
83 80
99 60
63 56
4 29
36 50
26 70
77 42
78 16
26 65
90 6
38 42
92 71
48 100
64 32
24 84
19 48
84 93
40 83
24 65
80 15
67 28
8 38
17 8
17 88
34 34
16 68
31 52
12 89
38 70
8 56
25 54
18 74
81 4
38 26
63 80
2 29
34 86
98 65
50 9
78 74
66 87
78 15
99 16
10 29
47 90
12 26
13 50
39 18
91 8
99 62
38 70
11 20
85 98
16 18
34 67
60 67
62 71
96 66
91 28
84 79
5 34
76 36
23 4
41 30
55 74
54 67
25 44
53 96
70 22
63 14
16 89
61 40
31 52
14 44
20 100
79 60
48 55
25 64
60 53
69 54
41 62
6 89
25 34
87 74
31 28
50 5
68 20
44 91
28 71
100 7
88 86
100 61
46 83
14 59
50 85
88 7
38 52
25 62
53 50
96 19
90 95
34 51
44 83
61 2
52 62
14 65
68 7
87 68
36 50
18 66
49 42
42 21
70 89
86 31
69 96
6 85
67 84
16 20
80 23
26 96
2 93
44 17
84 13
17 6
65 88
93 90
100 11
64 84
3 28
84 14
34 28
61 8
99 72
68 98
26 90
98 54
72 51
72 79
48 71
28 68
53 30
11 78
86 46
56 72
18 40
36 76
84 69
88 15
52 73
100 1
34 66
80 1
8 11
11 8
11 88
81 44
18 50
19 68
74 24
100 30
78 74
76 21
30 96
96 97
13 68
90 12
2 5
21 32
90 26
53 4
91 58
16 43
80 70
47 80
32 33
61 82
44 43
21 32
99 50
7 26
7 98
34 68
26 100
1 56
67 80
36 94
3 14
27 6
42 65
92 39
3 48
86 51
10 41
88 12
71 40
80 19
62 79
47 22
60 34
35 34
22 28
34 77
26 82
95 40
77 42
38 61
20 79
80 24
16 6
75 56
24 9
57 78
58 47
16 43
54 94
74 4
60 76
38 85
28 52
78 44
46 48
24 5
16 8
94 55
65 66
66 49
90 46
83 68
24 84
50 61
87 4
57 40
25 94
65 12
47 38
81 56
84 52
77 94
20 33
38 71
29 100
92 13
30 90
78 12
63 6
86 16
14 74
8 40
86 97
37 10
6 65
79 84
2 87
53 26
33 8
65 8
22 88
58 39
2 10
12 62
55 4
65 70
66 60
4 27
72 57
79 18
83 40
17 24
34 31
52 75
56 78
73 4
90 12
94 12
12 4
79 10
83 72
12 37
92 97
92 27
41 74
8 47
24 97
62 94
16 29
19 54
92 34
58 95
32 20
53 88
17 54
44 15
62 28
84 11
2 35
81 40
40 19
48 13
62 73
92 10
3 6
37 32
96 37
14 56
6 67
12 66
68 10
12 68
78 16
57 8
64 10
63 52
86 37
2 63
1 10
32 90
98 27
71 38
100 87
18 62
4 61
75 70
26 35
17 88
22 20
23 92
96 61
66 21
86 27
53 2
61 88
12 59
9 30
30 56
56 29
80 34
26 93
8 93
11 100
68 14
14 76
74 87
73 14
46 4
98 63
75 68
87 68
12 57
9 6
10 49
68 38
7 70
8 58
70 75
35 56
14 14
96 100
29 38
46 2
12 97
78 13
53 28
58 26
81 80
65 70
37 34
23 30
42 37
1 46
88 59
8 78
12 16
24 35
22 70
68 56
46 43
54 75
78 50
45 18
74 10
33 2
81 82
100 54
28 40
16 46
50 50
74 46
40 47
52 49
24 4
68 39
36 76
62 33
64 12
79 48
24 98
59 76
86 38
63 2
50 98
2 69
45 46
20 45
14 40
83 54
52 78
53 50
71 8
47 44
9 10
99 48
21 38
30 62
77 78
20 82
23 80
60 68
57 80
50 74
90 8
75 70
45 6
47 92
20 90
2 44
35 92
72 35
21 96
96 40
38 34
90 56
37 4
88 51
72 25
76 82
32 45
38 36
31 80
16 60
37 30
48 53
79 62
55 70
4 40
31 4
48 59
63 82
19 86
72 91
21 34
97 98
78 44
22 56
64 3
29 48
76 68
50 21
30 95
40 87
86 23
24 60
24 86
74 10
100 19
88 82
26 99
22 48
93 36
44 50
2 49
20 69
7 78
56 8
72 24
96 87
97 18
52 68
12 96
23 38
74 79
64 84
83 48
10 11
51 88
91 54
29 62
6 44
78 69
13 28
80 75
96 80
67 22
70 74
13 34
74 43
29 84
69 86
92 44
82 96
80 34
44 55
80 19
47 4
13 28
60 66
6 51
54 65
80 84
77 72
87 74
68 97
52 13
78 52
10 44
84 90
33 98
85 42
61 8
4 78
46 75
12 75
18 87
80 54
86 29
36 93
28 98
75 34
32 12
10 25
62 83
74 92
62 64
26 17
78 87
82 8
29 86
24 63
29 92
78 10
79 4
69 8
48 77
94 49
82 61
36 35
21 86
70 56
49 86
89 50
51 86
32 73
44 36
42 63
84 6
64 58
48 37
56 93
70 64
16 58
61 100
35 42
97 82
52 61
28 98
79 50
78 36
31 42
78 75
44 24
50 42
19 62
12 7
98 70
92 80
27 8
34 70
86 62
12 8
46 76
96 3
8 61
85 44
68 94
3 76
74 68
10 21
61 54
13 88
40 76
75 84
18 6
64 77
25 86
53 10
99 38
86 11
6 37
69 54
95 100
97 86
15 62
63 28
36 79
78 39
50 54
21 68
85 78
30 62
82 98
57 36
60 72
33 16
96 9
94 19
36 60
24 2
74 71
40 46
54 6
14 43
26 34
64 46
29 46
49 74
36 96
49 20
77 40
56 73
83 38
93 28
39 52
6 14
79 96
32 84
20 32
70 36
20 40
44 23
18 41
3 48
34 27
42 94
55 32
89 68
72 32
12 50
35 50
64 2
94 18
86 39
12 15
10 92
90 95
22 10
73 44
14 14
72 26
88 28
20 16
53 6
14 83
39 96
52 77
84 16
25 50
30 17
68 32
73 4
90 15
84 37
48 61
70 75
95 26
18 96
70 93
98 76
26 69
23 34
84 91
60 57
76 11
52 36
78 82
44 66
82 71
86 24
57 78
17 4
22 28
44 3
68 18
5 44
98 28
16 42
54 71
20 13
48 42
74 12
37 12
62 86
4 53
61 48
56 40
24 20
6 32
32 12
11 70
83 64
40 20
26 82
36 99
59 80
75 64
5 50
45 50
35 66
97 100
1 28
20 38
16 74
38 61
3 80
11 28
40 92
8 33
21 28
10 79
16 64
90 42
21 52
4 58
78 72
96 51
70 1
33 10
78 19
15 28
32 76
69 4
46 89
74 2
16 86
58 61
28 77
50 58
64 1
54 7
1 78
40 97
88 82
44 56
4 76
50 12
26 35
34 28
25 52
9 48
30 96
63 12
72 38
97 58
76 23
62 84
16 53
62 85
18 26
76 73
38 88
16 7
6 60
55 42
82 54
68 50
98 35
18 69
14 95
76 44
44 35
26 16
92 46
10 59
62 3
44 91
54 15
55 22
79 98
1 94
47 16
34 29
22 94
22 59
18 34
60 15
18 49
21 52
5 88
87 96
12 16
10 96
85 60
80 67
1 86
36 45
32 63
70 23
57 10
58 67
64 88
56 16
94 33
68 50
28 38
4 65
64 59
67 44
72 90
100 75
87 8
50 81
24 48
55 64
14 67
58 39
80 17
2 88
95 100
66 12
24 88
80 81
31 88
56 76
33 28
84 74
78 85
87 72
7 26
70 74
48 44
76 58
27 78
31 48
78 2
24 84
30 29
25 32
23 66
22 94
87 76
14 43
4 98
62 26
2 73
71 58
2 8
30 44
76 88
84 48
83 80
80 32
31 98
44 40
94 86
76 4
95 8
100 35
89 62
13 76
78 65
68 10
7 48
35 20
52 44
42 37
57 84
40 73
94 5
18 73
30 35
26 65
15 22
17 98
62 40
70 80
64 1
5 22
31 90
37 100
13 58
7 94
39 10
20 85
6 33
5 6
32 30
23 48
4 91
68 23
7 40
36 60
56 92
65 12
95 88
84 82
45 30
24 79
50 31
16 31
94 16
100 94
54 61
22 10
73 58
8 48
46 18
28 8
58 76
48 49
22 36
42 25
28 88
83 22
35 50
30 55
38 6
27 44
58 44
46 37
85 2
10 100
51 32
70 37
22 68
86 31
4 51
96 70
68 33
58 26
3 14
60 33
20 57
10 34
67 22
46 52
54 50
45 42
56 94
80 3
99 10
97 12
17 10
60 13
5 26
34 1
67 22
92 68
79 70
86 1
54 89
70 30
62 28
10 97
65 74
79 12
66 45
11 12
3 90
36 98
60 53
95 54
47 2
53 26
71 86
94 48
22 20
86 48
87 34
14 98
23 46
62 65
30 49
21 14
50 7
26 97
27 58
89 78
62 91
39 90
83 84
92 55
42 14
46 95
74 84
98 64
32 78
100 38
82 84
60 59
77 52
2 67
8 49
35 68
88 54
42 45
58 86
73 46
27 28
16 11
11 22
32 63
58 80
6 52
14 93
96 88
70 67
46 91
56 27
30 32
92 40
18 40
81 78
74 9
40 18
58 15
34 11
59 54
16 58
91 64
80 41
88 56
82 15
73 20
38 48
98 36
47 6
31 52
16 29
24 17
17 94
54 19
65 12
12 59
14 75
38 62
60 32
38 94
34 88
51 94
80 50
90 61
15 20
76 74
80 36
42 51
8 34
53 82
68 20
30 36
38 63
22 93
47 12
13 66
2 1
64 7
79 42
4 36
21 8
65 6
2 27
48 50
46 17
51 42
92 5
36 74
12 26
4 33
22 20
23 8
53 72
52 100
2 3
71 4
96 33
65 26
14 32
36 33
95 30
61 72
34 21
85 54
35 62
77 98
83 6
16 86
31 80
77 32
55 58
5 14
46 43
60 13
77 50
25 66
91 10
61 38
66 22
20 5
36 44
94 64
29 22
68 52
69 80
90 3
48 35
8 15
89 14
44 51
19 32
96 31
30 64
67 20
7 40
26 10
33 30
83 68
81 88
84 7
50 69
85 88
90 58
83 26
94 38
77 42
12 11
85 56
46 65
83 52
27 28
30 26
14 10
71 80
42 30
42 5
100 22
48 57
19 30
88 48
4 49
35 58
12 53
4 77
84 98
70 34
62 96
75 94
74 24
56 90
20 3
44 78
14 17
27 76
79 98
89 86
13 16
91 16
12 28
75 50
10 91
76 29
94 95
97 70
31 84
23 10
7 2
83 88
50 9
23 48
68 15
86 45
56 93
91 32
78 21
35 16
74 48
63 4
10 34
82 38
63 18
37 2
85 56
62 98
21 62
8 93
72 58
100 63
22 76
86 33
90 5
32 70
36 17
1 56
26 51
21 28
71 66
5 98
92 48
12 94
19 48
72 15
45 18
88 85
33 20
80 71
19 38
62 48
27 56
61 92
19 10
1 58
87 26
97 28
23 88
75 28
84 64
56 28
47 68
51 80
58 44
86 64
28 1
96 51
94 37
86 4
100 54
19 18
98 14
26 35
22 90
28 43
54 44
89 92
18 26
68 3
4 70
64 74
69 24
80 90
44 53
7 88
16 94
4 31
26 50
34 24
58 63
18 20
18 13
91 72
48 82
52 4
86 51
65 90
55 76
68 100
6 12
33 80
31 34
18 62
46 60
12 83
66 59
2 48
40 56
18 64
34 4
48 62
37 74
26 79
23 18
24 12
4 19
94 43
97 54
16 90
51 82
54 80
19 20
76 44
78 77
21 58
42 80
36 55
59 32
90 32
7 100
38 12
89 50
98 60
22 34
95 52
17 24
97 84
81 14
34 7
64 80
83 36
33 64
96 10
78 21
99 58
27 20
82 20
41 34
25 76
21 68
32 89
66 27
2 100
88 70
20 81
16 55
47 44
26 83
2 81
18 90
74 51
72 26
16 81
91 90
21 20
46 22
68 18
24 43
97 84
74 65
16 41
74 39
48 57
3 46
27 42
2 25
88 64
68 90
84 74
83 14
97 78
49 34
26 90
80 44
94 93
61 38
76 2
77 80
49 30
11 54
74 14
18 80
56 6
72 8
62 72
98 17
95 44
45 4
37 74
53 20
72 8
30 70
44 65
81 80
31 92
18 35
22 17
60 75
18 55
40 22
36 88
14 69
4 52
74 3
56 62
56 50
96 88
2 31
54 43
8 21
94 26
47 2
96 10
36 68
38 63
71 10
78 2
54 75
16 48
12 37
72 66
63 22
55 44
83 44
85 58
56 33
18 36
33 42
8 52
67 76
27 64
10 66
73 52
3 24
22 12
46 54
66 78
50 55
42 93
26 20
43 14
56 20
35 86
60 81
60 83
71 28
54 69
10 47
34 62
82 12
8 2
83 20
21 94
83 18
96 81
68 99
11 82
8 95
76 72
12 25
31 20
57 44
15 48
81 34
70 69
46 18
5 82
81 50
94 69
82 88
59 90
80 64
85 100
22 73
78 4
6 61
25 88
38 57
16 49
13 58
31 96
90 9
45 72
48 27
15 8
22 92
24 49
28 73
64 75
55 68
44 84
48 34
36 88
73 90
64 6
59 70
34 42
51 88
82 87
57 12
84 10
7 74
50 44
26 4
20 28
97 22
71 86
13 72
6 65
76 100
32 79
35 36
53 56
99 20
15 42
82 12
36 39
52 100
89 92
49 38
79 20
69 42
92 5
40 42
11 14
98 47
46 22
41 76
93 42
91 34
39 66
24 54
22 34
22 82
82 10
51 16
78 75
93 60
36 87
15 56
26 51
12 18
86 36
46 90
73 58
76 83
25 16
29 50
15 96
10 20
54 58
94 55
76 36
100 67
84 55
62 24
84 65
99 66
2 100
30 34
38 46
95 74
92 92
100 96
87 66
5 24
77 52
72 65
34 60
90 38
69 60
28 50
88 54
24 75
80 90
68 84
46 32
22 24
82 76
100 69
12 40
3 54
96 93
79 80
80 3
32 18
99 38
95 40
48 51
48 82
90 5
44 96
93 2
38 9
38 62
68 20
84 90
51 86
88 94
64 78
91 50
11 14
44 76
27 2
67 40
20 31
5 100
85 6
66 8
37 74
80 49
2 88
88 35
56 3
28 29
63 94
54 52
80 58
3 86
54 31
24 66
39 56
2 31
18 22
90 99
28 44
99 90
3 8
84 49
16 13
83 68
30 13
20 3
15 26
28 48
15 48
23 24
22 74
84 16
19 40
40 45
61 26
60 30
2 45
69 68
38 35
95 88
88 41
24 24
24 42
10 77
2 44
74 12
78 70
22 39
28 13
76 30
51 80
38 100
56 37
30 93
64 6
50 81
75 62
42 39
34 59
90 20
79 16
9 88
92 47
43 36
84 75
32 90
44 71
10 93
41 24
32 20
64 67
44 44
60 60
50 34
8 1
39 16
4 17
52 95
89 62
54 63
3 6
42 58
88 91
18 58
18 35
24 26
81 22
42 34
90 48
74 81
79 36
65 78
4 23
28 46
26 2
85 70
4 96
82 99
66 87
73 34
100 9
40 61
72 31
72 81
3 74
34 22
22 51
88 56
5 100
47 52
44 65
99 64
96 100
84 82
24 99
22 4
83 34
16 58
46 64
96 14
22 27
95 54
55 4
100 100
92 90
82 54
81 20
76 70
60 22
3 88
35 96
4 5
19 96
81 76
14 99
42 5
98 98
90 10
80 85
45 2
49 4
55 10
27 66
96 21
54 17
43 40
50 6
53 76
24 76
94 71
15 32
29 72
70 7
18 59
23 6
40 31
100 38
67 14
22 65
34 84
4 97
26 46
94 34
26 90
29 14
6 74
92 49
86 26
28 73
61 58
48 68
4 50
91 4
62 2
88 31
46 32
58 23
52 63
92 89
4 55
51 94
6 15
64 40
51 20
61 60
90 47
92 64
99 20
74 5
15 10
76 76
96 8
22 86
24 43
57 18
97 32
2 84
60 4
21 22
84 2
39 12
44 94
92 56
76 25
50 75
41 82
78 4
65 94
62 68
16 98
24 95
69 64
43 2
70 79
41 92
29 82
80 73
54 48
60 69
86 84
55 4
22 92
77 76
99 86
54 18
81 34
12 86
82 45
27 26
58 67
83 42
12 14
88 84
93 28
60 52
72 39
74 100
46 21
40 66
17 86
92 4
28 48
31 52
10 80
22 10
78 85
40 42
21 10
86 47
72 71
96 89
82 48
54 72
28 30
12 98
94 95
34 32
78 67
100 61
88 89
100 41
30 11
20 57
56 69
58 40
90 77
21 52
93 62
32 64
76 73
64 70
51 56
47 44
60 98
76 26
2 49
92 99
68 94
82 74
44 19
24 68
39 68
38 88
80 11
12 16
56 58
78 10
54 83
64 13
29 42
100 30
17 46
83 88
16 34
29 82
100 56
56 72
51 42
97 44
95 46
55 54
56 46
3 44
53 48
45 20
44 95
72 24
85 78
4 92
94 46
16 88
59 48
38 50
46 35
47 96
14 29
22 56
20 44
76 86
86 41
80 74
86 25
10 40
17 2
68 87
44 97
88 88
86 88
63 82
19 94
73 40
47 28
84 75
18 49
89 64
14 84
21 52
86 94
93 74
28 91
66 32
54 82
12 31
17 8
44 85
43 44
47 80
54 63
73 8
70 46
46 53
62 38
80 70
88 25
12 60
28 46
47 40
10 93
62 68
44 37
87 26
60 79
44 33
81 2
44 3
76 46
36 10
70 46
2 14
47 38
94 52
70 72
9 38
36 38
92 35
37 16
99 32
26 86
100 28
8 34
23 8
46 38
50 99
2 27
42 61
48 42
2 40
58 19
84 5
19 54
26 51
98 14
3 86
8 63
72 95
42 74
16 1
32 10
6 58
34 3
42 11
40 100
62 77
95 66
82 19
8 22
60 98
53 88
99 54
3 26
16 74
52 63
52 4
84 74
19 60
27 28
90 54
84 36
53 32
90 85
79 94
19 20
7 68
32 26
86 59
38 57
68 39
54 84
78 34
52 72
23 74
81 36
18 24
36 70
18 60
60 94
44 66
2 25
76 17
47 76
56 70
50 48
12 88
62 82
25 48
81 24
96 69
56 3
100 49
38 49
3 80
45 14
96 53
35 48
51 34
39 84
94 68
13 26
42 49
30 11
63 34
11 12
69 2
57 34
2 92
90 53
82 11
68 80
74 73
74 27
52 6
45 22
56 28
60 100
11 14
15 50
68 14
96 10
12 55
48 4
46 22
37 8
56 18
86 53
24 70
88 49
41 68
88 66
87 84
33 18
31 62
18 3
60 32
53 52
53 20
49 34
9 12
38 22
70 64
20 57
96 40
18 56
5 10
71 6
54 61
67 44
71 64
80 1
46 33
17 94
54 19
8 92
49 52
30 16
100 98
60 63
84 11
10 82
31 20
11 92
85 8
80 3
23 78
25 12
94 94
8 19
38 55
74 2
38 60
54 79
62 28
10 92
78 21
72 49
79 20
36 4
28 17
34 6
25 10
8 96
96 75
13 82
72 75
63 38
54 81
10 90
67 96
14 19
14 32
39 20
48 35
1 74
9 34
87 36
53 52
19 30
87 54
77 92
44 2
84 22
98 74
20 20
62 25
40 95
62 20
42 84
8 100
60 39
97 10
84 57
73 18
64 55
65 40
12 59
50 21
53 66
10 10
89 76
91 98
44 31
36 75
29 80
57 58
68 10
36 92
18 17
88 75
40 57
89 8
80 4
40 87
34 23
12 64
98 96
100 45
68 5
78 5
63 88
22 74
39 96
50 60
69 28
20 10
84 30
24 20
31 26
27 72
83 16
58 73
88 53
40 53
94 81
68 25
44 15
9 44
88 96
88 65
12 10
93 38
84 13
49 18
95 64
69 30
66 58
46 51
37 6
99 88
82 100
21 12
57 22
29 10
6 4
45 62
36 85
98 41
83 4
58 34
96 17
27 62
56 76
69 8
30 76
14 68
54 57
50 88
41 88
75 40
49 40
5 42
28 27
82 1
14 10
51 98
2 90
46 23
50 66
78 54
83 90
45 98
98 100
72 32
50 2
88 43
90 65
18 76
73 78
72 63
22 53
60 13
66 99
38 23
48 32
66 19
100 21
58 24
62 35
23 68
82 75
83 96
56 12
20 98
68 47
38 39
63 96
65 16
18 15
18 32
30 55
2 29
27 34
4 14
38 75
64 90
24 68
45 38
26 73
83 66
16 69
70 100
82 59
2 9
84 100
30 11
40 3
72 54
57 26
34 59
78 92
62 18
33 96
33 92
22 52
8 79
20 50
90 37
66 66
42 21
18 47
18 71
33 30
82 50
86 88
83 22
52 74
25 96
94 4
76 17
71 10
64 42
86 86
30 29
45 40
43 94
100 77
74 30
83 70
38 72
39 2
82 69
64 26
24 99
88 77
98 84
80 83
40 69
78 64
100 31
86 34
54 78
45 72
31 10
83 30
80 89
32 71
72 32
27 4
71 72
98 99
22 75
60 79
27 50
37 2
16 6
36 13
62 78
94 6
89 100
77 96
64 21
21 20
66 62
95 68
100 83
57 32
34 42
41 58
88 79
65 38
15 28
4 85
30 27
67 40
78 100
88 12
85 84
76 38
61 56
8 57
83 58
86 63
45 92
80 41
24 23
31 84
32 45
64 100
8 25
8 57
98 91
77 94
66 56
78 37
50 78
2 74
62 14
12 68
80 3
8 20
54 60
10 85
37 36
56 14
54 67
89 12
13 32
50 17
30 83
99 46
68 11
10 70
25 56
41 98
21 70
44 31
12 29
19 60
25 10
18 4
64 90
1 40
72 51
99 32
2 44
98 31
25 20
85 62
94 99
20 93
6 79
47 22
22 44
4 93
78 98
100 27
91 56
54 58
46 30
11 92
28 74
48 61
2 71
2 33
7 46
91 90
75 100
24 11
82 22
62 28
56 9
18 60
74 7
4 39
60 55
14 48
72 52
8 5
62 59
12 83
56 41
79 90
10 49
62 39
36 76
33 52
22 62
20 55
87 20
91 76
44 27
41 50
58 31
78 38
84 53
69 52
5 74
52 80
85 100
2 55
18 66
36 60
78 31
48 52
100 78
4 64
66 10
22 38
42 66
87 10
51 34
76 33
12 13
17 14
74 2
41 60
21 46
15 20
12 1
82 63
34 95
10 96
22 5
83 54
12 79
89 26
68 61
88 84
22 63
31 26
56 80
42 63
56 58
18 45
98 86
17 22
63 36
84 13
78 82
70 63
1 72
78 99
61 34
4 35
85 24
37 100
48 45
81 36
1 94
94 77
66 32
83 84
88 68
32 25
17 42
7 80
60 47
24 54
100 62
72 17
92 34
44 30
20 87
16 18
71 76
40 44
56 24
44 78
24 92
69 78
69 82
72 93
72 73
96 71
8 50
82 65
96 31
96 63
82 5
80 40
59 78
14 77
47 76
54 74
89 46
78 76
72 89
86 15
85 24
40 9
24 65
91 70
66 54
17 62
57 96
32 25
13 86
48 96
14 51
24 41
20 69
91 28
80 36
69 44
88 98
22 39
18 86
10 59
48 94
96 100
84 20
82 19
11 42
62 68
24 75
85 16
26 35
6 26
94 25
85 64
62 78
17 78
34 79
18 31
7 76
26 28
52 25
28 69
42 75
92 83
34 11
52 1
28 70
77 34
18 19
5 66
46 42
24 17
78 88
90 3
10 5
20 86
83 44
28 23
2 6
58 17
86 24
57 82
30 83
90 13
78 71
2 22
60 10
38 3
89 52
22 44
74 57
52 43
64 35
70 53
22 26
44 71
2 69
81 40
24 60
60 14
44 56
45 94
38 19
16 9
60 67
34 62
25 68
96 95
39 84
85 88
42 39
71 68
62 42
87 30
73 28
83 26
61 60
54 63
77 14
36 47
45 18
85 38
3 98
37 6
65 48
11 16
29 52
2 80
95 94
33 58
72 92
100 27
14 49
51 88
1 14
25 48
44 32
41 42
19 44
50 86
98 82
12 11
36 67
34 64
80 7
16 16
92 9
16 13
20 10
48 32
21 8
40 57
76 13
35 14
34 30
25 42
36 71
59 18
10 74
72 100
23 86
5 46
28 19
5 52
100 27
96 16
92 64
84 48
4 83
64 37
8 26
94 22
40 17
13 42
100 69
42 30
34 28
90 36
31 38
23 78
91 14
52 36
16 96
73 56
86 26
99 92
99 12
15 66
51 96
94 10
69 56
78 97
86 41
4 22
8 13
52 88
67 58
93 92
26 97
6 18
77 36
31 96
63 10
21 74
82 69
4 39
64 51
8 64
93 6
48 43
8 88
87 26
82 91
56 55
88 81
23 70
22 48
80 32
99 36
94 32
98 54
6 52
64 17
75 10
65 72
27 56
44 12
42 53
65 20
37 100
94 79
49 88
96 1
71 26
49 70
6 9
40 12
52 2
21 42
61 82
20 50
85 70
16 43
49 42
98 85
6 52
52 7
60 39
1 14
44 70
90 19
21 84
72 37
37 38
60 50
82 20
73 70
20 78
28 15
47 6
90 90
64 23
96 85
2 42
97 96
56 61
56 83
21 72
66 89
52 25
99 68
80 48
98 47
27 54
82 58
33 36
58 15
10 70
35 36
64 58
49 70
97 90
20 26
1 84
97 34
84 83
63 66
92 90
48 86
9 2
56 2
87 14
15 54
12 9
20 90
30 48
47 84
68 45
24 4
70 7
8 5
98 43
72 16
95 4
59 78
34 85
68 43
68 51
48 22
48 43
26 22
18 95
37 66
77 76
51 58
35 12
72 73
53 8
2 85
14 75
38 97
52 56
60 49
50 6
17 40
51 88
49 46
67 88
33 18
36 47
3 36
25 62
68 72
65 46
70 26
79 80
1 30
40 84
47 100
60 45
20 22
68 61
49 16
34 36
52 21
38 96
67 54
64 35
38 29
85 2
96 76
62 39
87 98
52 85
71 74
37 84
21 52
21 26
91 46
3 70
47 84
4 40
89 18
82 4
29 94
40 4
36 26
65 58
28 57
26 70
51 8
65 78
98 67
60 30
7 12
92 30
16 13
32 70
36 40
99 10
18 46
34 68
20 100
13 12
2 25
65 68
50 60
88 6
28 43
44 60
18 73
24 51
36 2
51 60
18 76
93 12
88 53
63 80
8 80
42 35
22 99
20 27
20 10
96 32
53 36
5 76
77 24
50 13
90 90
20 97
35 88
84 81
32 79
91 8
66 100
48 71
19 20
26 1
46 100
98 63
6 48
34 8
21 18
35 70
48 91
6 85
85 100
64 81
65 52
7 76
99 10
6 95
56 2
81 48
15 100
72 4
85 62
37 84
64 59
40 44
74 29
85 28
83 12
20 11
79 44
61 60
43 18
94 3
62 82
30 52
76 3
58 43
98 18
52 3
29 96
40 83
90 38
88 2
47 68
60 16
96 61
5 100
2 13
65 48
62 29
76 67
63 32
100 43
14 42
40 47
11 68
89 22
8 77
20 40
25 50
45 96
86 92
14 7
95 34
92 72
14 71
34 5
95 56
60 64
53 88
100 88
82 70
4 76
98 57
36 63
56 23
36 67
35 20
13 76
77 6
33 30
84 71
42 95
97 32
10 28
21 66
2 40
81 88
27 48
60 57
1 68
10 64
11 50
10 99
100 22
17 24
68 34
80 30
40 39
47 68
12 30
1 74
31 56
60 63
29 2
20 1
90 32
94 22
55 90
66 59
78 69
38 19
37 64
24 87
10 43
18 24
6 90
39 34
78 90
36 75
16 18
16 33
78 62
50 29
100 92
2 83
15 36
46 31
40 79
54 51
34 56
81 82
98 75
38 69
42 61
87 94
89 56
14 81
92 54
57 44
27 98
14 60
33 26
36 46
80 83
32 43
70 47
60 17
32 90
86 50
32 62
53 54
38 96
45 12
5 70
10 20
2 71
74 25
48 39
32 35
93 22
10 14
10 47
98 83
50 44
38 77
85 92
7 80
78 36
45 52
11 78
92 31
67 96
80 8
46 99
10 73
21 82
76 27
57 50
90 19
96 94
13 14
64 15
6 7
38 87
98 56
2 27
90 93
30 66
73 56
20 43
85 68
25 86
85 94
65 74
58 92
49 66
66 56
36 61
39 44
41 56
28 35
17 70
100 34
100 65
80 80
10 49
89 76
58 79
30 47
25 50
95 46
8 25
26 61
16 55
100 53
57 78
46 12
70 61
79 82
26 54
84 4
97 86
6 85
58 49
61 18
91 96
98 13
99 32
64 44
92 61
94 47
2 93
20 25
15 100
2 68
82 14
56 59
24 65
43 14
29 64
27 18
71 46
52 77
48 97
74 85
4 7
39 58
46 68
16 24
35 38
10 52
78 71
86 84
78 77
12 100
5 88
40 53
6 52
85 10
25 62
63 56
99 46
42 64
20 10
88 53
100 76
74 56
100 8
96 62
37 74
75 24
60 95
73 40
28 77
97 30
45 38
90 8
6 56
12 50
94 27
52 90
49 18
34 95
58 97
83 14
58 31
11 72
8 99
31 66
92 95
12 77
64 97
14 18
25 70
85 54
24 49
61 56
98 78
26 50
7 88
91 16
8 81
61 12
95 48
24 29
18 15
88 92
39 70
83 50
28 37
1 90
41 14
2 16
39 80
48 94
50 69
66 87
56 84
3 24
2 89
44 28
59 64
51 40
64 10
82 65
73 72
74 78
60 68
21 66
48 19
66 94
16 80
73 32
56 9
90 45
20 29
84 85
5 72
44 98
98 48
61 94
78 44
91 60
92 68
38 81
67 20
4 84
36 15
92 4
88 25
46 29
51 90
34 87
56 69
12 39
66 23
62 52
29 26
46 88
44 93
96 47
69 92
66 91
36 1
81 60
44 42
6 99
36 50
75 30
92 82
71 12
11 96
52 92
60 81
4 41
68 65
12 27
56 50
64 60
69 44
8 17
88 17
66 60
2 32
41 74
31 94
96 39
58 22
77 100
72 1
41 86
27 4
26 67
62 15
10 58
42 10
76 100
57 92
83 10
94 38
78 90
73 4
100 22
29 52
51 36
29 4
28 10
3 76
64 4
66 18
90 89
2 84
90 44
4 33
98 50
39 96
91 24
6 3
50 17
4 87
8 4
82 60
56 11
34 42
46 33
23 62
94 3
55 24
16 49
38 32
62 24
40 18
24 29
36 27
9 14
14 65
60 75
17 54
92 14
51 78
67 28
82 48
70 97
52 4
93 80
78 96
80 50
12 75
75 48
99 14
53 58
16 29
94 13
38 84
50 55
10 68
71 28
41 12
28 80
68 88
65 32
94 2
76 28
72 10
69 60
10 80
26 76
50 70
2 11
56 8
87 20
96 56
31 30
23 14
30 99
89 76
54 67
24 15
39 14
8 59
68 70
33 42
28 22
72 54
22 34
41 52
8 52
76 13
62 82
62 77
58 13
94 38
38 20
96 92
16 9
91 38
100 24
65 26
55 92
29 20
58 8
54 65
99 12
44 2
46 93
6 63
26 73
54 4
76 59
2 55
44 45
91 24
96 5
96 76
84 85
37 100
29 30
26 53
96 54
35 72
70 4
55 8
24 24
72 8
37 66
36 83
6 71
29 72
64 8
82 75
98 16
24 78
30 45
18 22
54 52
98 1
8 58
60 95
91 34
64 35
16 77
26 66
70 43
96 63
74 72
41 82
60 5
69 46
33 8
43 6
51 34
60 47
2 18
31 84
72 62
100 45
94 88
76 43
87 84
89 26
72 26
33 98
75 74
22 48
74 81
67 56
43 62
96 24
2 56
40 99
100 12
71 46
19 100
86 51
60 33
42 38
98 24
24 58
77 62
46 12
10 19
54 85
95 8
71 32
7 56
35 6
62 56
97 56
20 17
26 12
34 43
61 56
17 32
9 32
64 99
96 33
59 42
71 18
10 99
4 97
56 92
96 1
85 78
80 54
17 84
64 64
50 11
33 26
55 80
33 4
91 72
32 91
34 71
4 53
74 58
32 57
100 61
96 67
25 50
56 56
56 14
16 81
59 60
8 20
8 17
6 17
48 85
24 49
4 9
34 81
25 72
98 29
30 95
79 82
56 66
96 71
74 42
78 97
14 23
70 90
40 8
35 50
21 36
42 49
5 74
43 60
83 86
88 39
35 2
8 13
82 100
92 68
43 82
15 30
3 70
39 84
94 6
88 12
47 78
31 46
14 86
86 4
92 83
36 43
5 8
21 26
18 43
19 44
15 90
79 38
28 41
33 38
84 73
30 66
16 46
32 21
6 52
19 92
84 49
42 33
78 92
7 52
1 56
97 70
94 14
12 92
74 22
88 53
78 23
92 92
25 82
16 7
23 82
94 37
64 3
35 28
64 4
23 86
23 74
2 67
18 16
60 7
76 47
40 39
62 76
90 54
4 53
21 62
66 55
30 19
88 77
60 36
72 34
13 14
82 53
23 54
81 2
68 18
84 66
62 66
44 15
31 98
8 23
81 90
24 87
98 21
52 94
93 90
94 42
66 25
64 26
65 88
8 43
54 71
57 88
78 88
99 80
53 62
15 88
34 95
82 25
36 42
24 47
10 42
46 88
3 70
96 60
8 67
8 2
4 95
34 93
52 92
47 24
6 32
49 96
90 6
43 62
56 54
99 40
76 91
34 39
44 4
20 78
48 91
77 50
40 53
54 85
77 94
36 88
2 53
78 41
49 48
56 51
66 23
3 22
28 33
53 22
62 92
92 78
84 65
56 95
72 68
67 54
30 50
69 46
14 15
93 86
18 91
48 3
18 49
97 6
38 21
88 55
14 3
86 64
2 12
92 83
34 68
98 20
85 56
76 95
28 37
28 18
42 46
61 74
2 92
90 83
55 4
42 64
52 32
14 7
22 69
26 67
40 15
60 56
9 100
98 93
69 100
43 98
18 100
70 96
62 68
24 51
26 23
87 80
3 22
82 40
66 10
10 5
24 52
64 32
2 50
62 73
43 72
9 52
61 58
54 83
13 84
58 1
18 39
74 49
48 30
71 84
45 24
1 12
64 96
33 68
32 17
16 38
74 68
20 8
95 10
50 53
4 5
46 82
42 92
64 79
52 37
98 80
50 35
91 72
75 66
94 74
78 32
86 18
87 70
46 54
16 54
5 24
100 31
34 19
76 55
25 16
5 26
70 69
24 77
20 7
19 44
6 17
48 84
11 22
21 96
74 13
2 49
71 96
53 80
53 62
76 25
64 15
22 29
74 21
91 28
64 80
77 42
38 68
5 82
48 79
30 4
53 52
36 5
6 96
90 64
72 43
56 6
95 78
36 40
36 51
44 29
48 59
32 34
92 1
52 43
32 11
19 82
88 67
82 47
42 44
97 100
18 84
86 2
65 70
83 48
29 20
14 99
84 75
86 66
41 34
92 7
100 68
74 93
46 94
58 95
90 55
42 57
80 88
96 46
94 58
76 73
15 44
38 83
41 30
42 83
66 23
37 2
67 30
11 56
4 91
37 2
50 52
26 96
78 8
90 37
48 97
41 24
94 1
21 64
94 66
30 15
97 38
88 58
51 66
98 39
16 45
17 58
79 22
92 11
14 63
2 28
24 98
60 86
34 15
77 30
76 38
90 93
89 22
99 44
37 68
63 24
48 43
85 60
44 95
60 67
10 32
26 45
26 69
40 50
56 93
22 62
20 54
80 24
67 68
30 68
56 33
100 70
24 26
78 9
88 32
98 41
13 74
28 14
74 62
100 77
5 2
37 94
21 12
46 81
72 12
59 88
42 97
80 84
44 91
66 96
8 14
48 78
96 45
82 12
94 25
85 22
23 78
50 89
59 6
96 43
68 35
98 28
2 30
74 53
30 35
97 50
30 46
97 42
30 67
55 72
94 51
90 55
54 48
20 58
40 9
63 46
41 96
82 74
48 9
26 93
97 38
18 74
26 58
48 55
16 62
86 42
68 76
34 72
29 14
14 13
16 29
77 42
54 74
40 50
60 12
78 77
44 39
96 60
4 89
56 67
34 57
32 3
100 54
48 47
24 17
22 79
26 6
96 96
42 27
1 88
24 72
18 20
34 80
70 88
78 30
22 72
2 72
99 32
99 12
2 73
94 58
1 62
28 1
69 28
23 74
68 58
50 54
40 43
34 89
4 62
71 8
99 18
70 9
60 92
86 89
16 18
26 79
66 90
21 88
5 48
14 34
63 76
44 91
8 98
63 52
34 24
77 88
93 44
72 33
62 4
70 99
38 43
71 68
94 85
60 93
76 85
17 50
79 24
54 87
92 52
8 65
32 77
78 24
6 59
68 69
73 98
4 28
66 76
54 50
94 70
5 92
34 30
60 16
49 34
95 32
62 56
36 36
34 76
70 57
66 60
65 76
43 58
70 43
54 16
68 17
20 12
77 76
18 42
96 67
18 17
85 88
96 33
91 26
46 98
74 34
64 71
70 70
26 31
68 91
26 66
97 8
91 28
88 3
34 15
59 66
62 100
88 65
22 92
11 50
19 52
31 92
74 94
34 83
84 48
25 54
73 28
39 54
4 97
38 33
8 57
66 12
50 36
26 30
23 14
10 5
38 99
11 98
14 74
66 2
24 57
54 78
72 8
57 60
72 99
24 1
47 74
98 95
77 90
6 3
88 54
65 72
36 91
62 57
84 11
80 20
8 22
60 13
20 47
26 68
86 95
61 86
59 90
8 53
44 95
85 46
94 95
40 51
5 78
48 24
30 9
23 86
73 8
30 7
29 66
97 6
55 12
97 30
26 80
15 18
51 44
30 24
54 97
62 86
98 22
68 23
22 50
62 22
28 88
56 46
85 34
26 10
6 72
100 38
49 2
94 28
25 98
31 56
88 26
31 14
94 75
21 52
98 89
74 77
44 51
64 9
41 6
38 38
19 46
74 67
78 17
46 46
71 4
2 26
96 22
96 61
10 43
22 15
36 43
21 84
99 24
43 52
31 6
29 34
55 92
76 40
86 16
60 57
41 26
62 82
56 60
22 61
15 30
79 88
30 6
66 19
78 72
25 54
77 26
7 72
14 32
6 83
59 38
51 16
36 2
40 4
28 95
67 26
88 98
11 84
76 45
44 37
41 26
15 76
13 54
28 5
63 74
60 90
4 48
13 16
54 55
6 8
1 60
16 55
11 8
78 26
76 55
30 45
14 17
52 16
14 27
94 88
15 38
77 56
2 84
6 91
53 58
45 2
56 66
8 37
98 90
36 80
4 66
82 66
19 84
68 30
26 13
50 54
66 66
98 2
22 41
38 40
56 19
76 75
92 78
64 44
11 50
13 54
76 66
31 92
65 80
39 58
53 80
52 53
30 5
50 9
25 20
38 33
50 67
70 31
34 54
10 54
16 12
40 14
18 94
45 92
90 28
8 19
26 42
7 72
70 86
78 37
92 47
7 90
61 42
1 16
42 32
53 38
38 27
20 73
58 41
53 66
98 76
7 46
33 20
1 60
69 84
97 74
48 70
25 74
97 18
7 96
57 40
24 9
74 44
34 51
98 78
40 91
79 58
10 80
30 5
7 36
13 66
58 48
34 1
88 73
12 73
90 65
51 82
29 74
62 82
14 22
8 6
71 12
31 36
10 2
70 91
54 98
92 70
38 40
41 40
18 89
44 77
48 6
21 20
45 80
66 79
44 94
32 79
15 56
48 75
62 70
10 26
48 44
3 68
26 95
4 30
94 15
74 76
40 16
78 49
73 14
47 70
70 78
28 91
76 70
58 17
44 66
99 78
22 20
60 53
54 41
60 67
65 52
59 90
78 39
46 21
16 62
76 72
42 18
34 91
21 62
71 62
1 76
32 49
66 7
32 51
90 32
40 61
14 22
60 20
69 54
40 76
22 93
75 4
6 37
2 85
89 60
25 80
7 84
8 3
55 68
82 8
100 41
59 90
90 44
62 75
46 69
72 49
82 3
86 51
3 56
27 12
56 25
74 92
51 24
64 37
33 46
52 52
28 82
98 69
43 76
66 76
49 60
58 64
89 94
24 44
18 88
48 20
82 66
76 46
32 21
22 85
78 96
20 2
69 80
46 57
18 24
9 88
94 56
32 5
10 83
97 86
51 76
26 78
94 74
76 76
92 20
51 44
24 6
74 10
16 99
42 20
34 12
35 30
32 57
70 80
58 16
19 6
66 49
18 64
50 62
28 19
11 8
12 81
52 99
45 18
26 7
43 56
6 39
91 50
34 95
37 42
35 24
73 20
78 12
5 60
71 54
95 20
31 12
65 50
65 50
53 38
24 61
58 82
72 86
90 7
38 84
58 17
48 76
76 40
28 98
39 52
19 62
26 95
94 31
52 100
28 81
52 90
44 42
63 30
2 88
28 26
40 39
11 74
20 57
88 46
98 60
28 49
78 58
43 22
87 60
44 26
98 26
70 2
25 76
37 74
47 96
39 60
41 90
51 100
6 92
59 98
80 25
38 26
34 32
27 86
41 6
39 86
72 38
17 72
35 46
9 60
78 92
56 57
80 72
84 99
19 90
43 90
14 61
44 6
96 21
28 58
11 24
82 19
30 20
64 29
47 98
86 65
5 18
50 58
40 3
14 94
70 30
60 27
97 66
96 54
53 6
32 88
28 4
75 84
14 60
6 91
54 63
30 91
42 64
17 94
36 99
74 87
32 89
36 30
97 28
88 5
2 89
10 60
90 76
92 69
24 96
15 40
58 13
76 24
48 31
36 71
13 20
76 67
52 75
90 41
60 27
100 68
11 44
3 52
90 54
18 8
25 6
33 10
73 42
2 6
52 62
58 57
81 94
80 59
5 44
50 19
97 8
15 8
48 37
31 60
16 72
75 84
69 22
8 53
40 49
66 7
49 18
30 55
96 75
54 16
15 82
83 10
82 2
56 8
30 81
76 70
16 88
94 65
86 7
63 8
40 10
88 65
24 35
4 53
78 17
68 77
4 56
50 31
99 82
62 65
76 71
56 19
4 52
91 84
76 74
93 80
74 71
71 68
66 58
46 93
86 16
78 97
36 32
55 24
92 70
34 85
30 49
67 68
90 78
36 65
47 56
69 88
10 27
28 57
23 36
62 52
10 47
32 37
65 78
73 34
16 37
46 30
67 80
96 5
44 93
76 97
62 69
93 16
91 8
6 6
5 10
59 82
14 77
44 39
72 56
6 75
58 52
93 8
74 19
84 74
47 42
64 67
83 18
58 35
52 45
63 36
78 48
26 81
93 30
41 56
76 48
98 55
80 2
54 58
12 89
58 79
45 56
16 97
32 98
30 7
50 78
49 24
4 23
100 37
43 80
2 8
93 32
8 73
92 58
44 39
95 18
34 49
86 52
8 13
58 85
36 13
18 26
26 68
49 66
89 82
64 10
47 8
94 36
58 80
4 46
36 44
3 2
83 62
82 82
4 95
26 95
34 14
78 22
100 39
57 94
34 100
49 42
74 68
56 93
26 41
23 48
56 23
87 38
38 11
44 44
38 34
53 84
6 80
86 75
18 68
46 61
23 36
49 22
73 66
82 47
71 32
2 99
38 79
70 46
9 76
72 82
52 24
97 16
76 98
24 25
62 22
34 30
53 40
74 36
33 56
76 47
62 16
19 36
83 94
62 83
48 28
74 13
92 60
20 39
85 100
49 40
13 52
19 16
63 34
86 35
9 100
64 96
78 70
62 84
66 67
78 25
28 82
42 49
75 90
66 4
40 77
28 34
22 38
55 98
32 21
45 86
50 7
40 100
60 73
70 80
1 54
66 58
57 64
80 22
66 72
79 78
46 84
38 83
41 28
81 70
54 46
52 12
47 50
45 14
98 72
6 95
4 25
68 11
55 86
23 60
100 48
49 74
12 16
80 100
78 84
22 7
70 24
94 20
49 24
14 21
69 24
78 14
84 77
32 37
59 24
7 38
68 92
98 100
96 55
4 65
24 50
42 29
86 89
20 90
38 20
31 58
52 98
90 44
26 72
7 26
3 72
63 34
10 73
56 4
94 16
77 36
16 45
60 82
68 100
92 41
36 27
92 40
16 23
54 58
10 14
5 92
61 62
42 44
68 71
90 18
14 36
97 78
28 58
57 56
79 36
26 20
20 86
59 28
9 64
23 64
94 7
19 26
36 47
14 60
52 27
86 68
28 71
1 22
2 5
70 22
31 40
63 46
76 76
42 86
11 76
46 63
30 99
25 78
81 12
67 6
80 51
48 43
95 22
99 30
96 44
46 36
84 54
88 96
2 82
24 96
60 79
8 4
12 49
67 28
87 62
11 66
90 53
73 94
100 57
56 80
60 8
36 53
68 76
28 34
45 52
37 72
5 8
82 25
12 75
22 13
68 8
52 12
17 46
92 36
36 68
9 64
92 97
46 67
54 3
84 74
3 46
4 60
97 98
14 54
2 42
80 14
75 16
20 34
13 96
24 4
13 60
1 96
40 89
5 82
52 86
12 26
29 40
44 100
16 62
47 34
4 51
51 50
8 54
32 27
64 68
30 30
60 80
28 2
88 82
18 86
37 46
5 42
92 94
48 83
20 99
74 7
72 28
30 38
19 18
2 91
24 67
19 8
88 2
8 39
69 22
26 100
57 2
13 76
34 46
55 6
72 44
67 12
48 49
92 26
74 44
27 76
5 94
84 31
57 16
22 25
64 6
35 10
74 73
90 30
76 58
20 9
64 100
74 31
39 44
1 98
95 16
98 74
35 84
60 81
26 7
36 79
19 88
69 26
16 82
20 69
76 55
10 70
77 52
87 16
90 45
44 33
28 100
59 56
92 81
82 2
69 20
44 19
72 21
44 8
24 89
62 70
34 90
74 12
26 52
6 80
90 12
72 37
30 69
96 12
79 18
47 50
30 89
56 41
100 76
42 53
92 62
11 46
36 94
27 98
42 3
29 46
16 36
40 52
60 63
64 10
55 84
36 1
54 97
18 68
60 59
79 54
8 26
100 5
52 65
3 72
26 2
58 55
16 7
67 28
92 22
66 81
50 1
2 79
52 37
52 51
68 92
98 72
84 80
53 22
39 68
88 18
61 44
76 47
96 18
25 32
26 85
75 28
71 74
90 71
20 39
2 35
99 78
49 68
44 54
46 2
29 10
4 51
56 27
60 68
12 21
1 10
56 62
4 86
48 17
43 64
9 28
19 74
90 9
22 53
44 47
46 67
12 69
48 96
50 89
58 73
48 75
45 20
7 30
18 46
48 55
37 74
92 67
76 15
21 34
34 27
31 66
15 80
1 70
68 35
80 27
96 24
38 58
93 88
13 12
3 14
93 70
29 40
25 70
32 100
63 98
33 28
48 82
81 62
3 32
8 24
73 76
84 98
7 18
61 34
80 18
2 12
80 43
95 74
81 32
72 10
96 98
91 36
74 62
16 85
6 77
60 10
74 35
8 79
71 66
90 80
86 64
100 12
54 59
27 52
31 82
23 2
90 18
14 31
52 89
59 88
42 56
53 82
60 18
28 96
86 35
39 12
36 83
91 6
54 25
48 22
42 9
14 42
49 34
84 55
86 27
64 18
48 82
10 10
36 13
62 96
13 50
40 19
40 82
49 56
65 42
67 48
33 10
43 24
26 13
26 40
46 100
26 7
12 55
42 32
37 60
88 27
72 22
24 41
64 97
10 34
72 73
68 80
2 25
34 83
28 35
3 12
92 35
42 45
16 89
6 69
94 92
6 92
70 24
4 20
66 74
16 22
62 4
49 94
15 64
83 98
22 36
96 55
26 1
72 77
57 18
4 85
32 31
16 45
14 20
72 21
52 33
12 57
24 83
16 14
53 86
46 64
100 98
22 52
100 13
86 81
74 21
17 70
86 71
16 89
17 50
84 84
22 2
31 34
77 46
61 22
44 23
13 62
1 42
59 22
18 14
80 88
82 80
36 2
50 55
72 90
94 27
18 54
31 66
100 80
77 18
10 55
82 88
41 18
50 60
8 1
29 42
95 92
2 51
25 54
23 92
30 81
89 62
83 54
84 88
24 47
58 98
48 89
45 50
23 2
68 62
5 54
89 30
6 98
22 76
55 46
100 73
51 50
98 46
8 86
88 71
82 82
25 100
55 88
80 46
12 30
14 16
21 92
10 2
60 35
35 90
4 82
98 80
22 85
30 36
60 78
8 68
99 82
43 40
95 44
94 35
78 63
66 13
32 82
79 54
83 16
100 96
75 64
38 76
25 52
2 77
42 46
16 31
88 99
68 17
91 46
26 68
45 46
98 84
29 30
52 34
43 88
88 45
77 40
81 68
27 6
27 12
30 39
73 50
24 43
76 100
12 18
33 82
22 23
30 46
15 80
47 52
97 44
82 84
4 6
92 93
79 66
22 81
92 66
10 78
82 67
74 64
27 64
52 15
61 40
6 34
20 49
61 86
38 41
68 98
73 28
24 55
86 100
80 20
95 68
48 92
47 98
30 16
20 62
70 23
37 66
60 24
83 58
50 30
30 33
67 80
88 76
80 63
68 30
78 54
99 4
42 99
73 36
28 1
60 34
18 98
74 53
10 41
6 58
42 62
18 96
74 81
66 81
17 32
5 74
24 71
66 13
38 80
67 66
52 86
53 30
10 53
55 68
8 36
8 7
98 74
3 32
61 68
52 65
14 62
1 66
6 17
34 97
70 22
68 13
32 78
90 11
31 36
56 16
99 64
52 10
57 26
12 7
18 2
62 24
22 77
28 34
100 28
99 90
8 49
14 93
38 73
54 43
98 67
30 63
46 36
89 78
38 33
46 53
52 77
54 88
86 5
99 92
74 99
8 91
26 83
45 4
40 61
54 43
20 57
26 36
76 58
22 74
96 6
70 93
45 88
42 55
32 6
38 12
94 14
12 58
74 90
66 37
7 18
37 24
36 30
66 61
26 53
38 97
85 28
58 100
22 8
58 96
37 64
66 91
70 18
82 11
22 66
36 86
80 37
3 10
20 49
46 97
14 14
2 40
40 96
72 9
83 100
45 66
38 78
18 100
78 96
76 69
16 57
50 38
69 52
92 63
78 39
19 96
24 55
97 24
20 55
10 51
86 74
16 25
24 22
92 88
18 31
42 25
15 40
46 20
12 99
46 6
18 39
74 5
94 94
16 84
5 36
13 72
29 34
86 72
65 46
3 84
36 11
42 53
76 38
52 60
10 9
54 40
48 74
51 28
48 15
53 96
44 47
33 78
43 56
96 27
79 70
38 66
81 54
22 32
64 36
62 65
60 38
29 56
69 22
40 39
94 97
24 79
66 4
40 99
48 31
43 94
13 34
44 21
60 40
28 5
44 1
34 81
2 87
45 74
5 20
96 41
61 60
72 40
58 19
46 35
56 21
14 64
64 7
75 82
18 91
87 64
24 98
54 21
59 60
10 90
10 38
30 85
14 97
34 91
93 40
28 94
94 40
14 77
72 98
22 66
70 40
44 55
58 13
100 86
52 59
100 34
55 100
91 6
7 94
8 43
17 22
4 85
24 4
21 66
78 43
80 20
56 73
84 23
40 72
35 2
56 22
59 26
62 30
48 48
6 27
87 36
70 32
54 55
24 43
72 12
62 62
8 52
20 40
20 43
34 28
12 6
74 96
29 36
30 10
46 37
34 57
6 62
98 7
100 1
57 30
45 38
22 43
3 68
36 38
28 2
85 76
60 15
88 10
85 96
99 18
61 6
8 2
18 84
82 1
91 2
82 73
13 72
16 34
48 54
82 48
39 74
42 86
60 60
60 59
66 84
58 28
23 98
74 75
58 33
33 66
52 83
60 12
84 35
31 70
30 89
90 61
57 94
34 69
33 70
41 90
49 22
76 16
22 81
4 100
73 40
7 24
90 70
44 24
86 36
4 47
65 10
23 70
12 22
38 83
82 29
68 82
86 88
94 29
75 12
57 90
96 89
98 79
71 84
66 79
56 78
70 69
41 34
22 15
49 86
38 5
19 56
25 28
21 66
16 10
51 84
68 52
16 13
46 38
90 15
44 3
65 76
9 38
34 50
82 50
68 43
96 79
80 92
74 12
91 18
81 46
44 35
82 46
6 26
95 50
22 21
94 47
21 24
41 92
18 10
82 10
47 78
70 80
18 65
44 93
7 56
34 5
43 54
2 82
3 44
88 33
72 51
80 95
30 57
11 80
89 78
29 52
49 2
2 10
61 84
86 32
93 62
46 2
96 80
26 7
28 6
67 90
98 12
100 73
74 66
90 88
98 21
4 65
98 24
30 1
14 68
73 76
12 54
47 16
95 42
40 72
5 96
25 36
97 52
58 68
7 24
79 58
10 55
59 50
44 38
7 76
66 44
14 50
3 38
64 90
78 23
90 61
41 28
36 71
13 56
54 29
81 62
54 83
14 60
50 54
55 36
56 22
98 68
76 73
83 50
4 73
36 43
8 57
66 52
30 89
58 28
26 43
76 92
11 14
48 30
82 80
21 84
56 56
97 56
15 40
22 15
57 96
79 50
54 15
94 78
64 6
38 25
68 94
47 86
90 11
97 78
73 90
26 39
38 65
53 22
58 61
40 80
24 86
46 75
71 14
48 22
78 31
31 12
87 10
54 29
52 49
18 61
94 44
95 70
40 52
100 65
29 44
40 49
94 77
76 4
21 50
72 1
31 56
48 92
94 92
66 75
74 4
72 76
94 7
79 48
22 71
40 53
26 4
88 39
92 60
52 10
22 43
52 71
12 90
16 11
9 74
56 83
61 100
78 77
86 39
89 24
2 100
45 94
58 9
54 28
16 75
90 54
15 2
11 46
58 12
49 40
25 26
58 7
84 26
63 2
88 3
3 44
76 11
12 55
5 40
84 5
29 52
52 38
25 32
68 56
64 36
16 37
46 79
16 7
84 40
86 98
22 72
81 18
10 68
87 86
52 60
55 94
86 30
8 50
40 75
23 32
88 60
52 48
80 36
99 44
68 9
60 58
70 55
68 75
94 66
54 62
42 15
100 65
34 69
8 33
79 96
8 91
1 94
66 13
68 7
54 27
60 78
50 44
59 8
66 2
38 90
28 47
57 20
50 83
100 94
19 52
49 78
38 78
47 58
41 72
86 24
73 70
100 18
36 16
52 78
59 54
58 96
33 86
98 76
6 63
30 30
18 9
54 15
89 98
90 97
79 88
66 93
86 69
86 3
57 26
63 16
16 91
4 40
15 6
95 8
10 56
88 86
35 22
34 74
10 95
59 26
76 34
43 62
37 2
91 98
34 47
24 32
50 41
28 52
5 24
63 62
49 100
46 87
6 97
12 78
68 28
55 96
79 90
46 34
18 30
17 64
98 38
46 20
32 85
38 67
95 62
90 34
72 77
48 35
43 98
64 10
86 54
40 67
83 36
86 23
28 99
67 68
94 37
65 8
34 17
17 8
31 44
54 42
92 36
40 44
7 30
90 64
30 87
46 62
6 16
80 33
25 54
87 18
94 38
100 86
16 48
41 6
54 86
60 94
36 39
28 57
12 57
12 15
75 76
94 92
8 28
19 84
81 98
25 72
53 22
98 71
81 90
96 94
17 18
47 44
40 45
52 45
40 12
66 63
74 92
26 73
86 33
49 8
93 18
99 28
62 45
80 85
74 13
82 12
7 42
67 6
62 90
56 7
13 76
40 25
92 16
14 70
70 68
54 94
82 13
8 30
53 12
90 23
76 25
66 24
100 18
100 25
47 4
46 81
88 17
31 52
28 33
46 5
23 90
66 1
90 30
70 61
9 76
50 25
33 26
12 1
44 83
21 24
87 46
26 7
72 41
20 75
60 38
16 17
31 58
28 58
60 78
32 1
56 1
31 50
3 28
86 28
39 80
40 13
51 84
63 16
99 98
61 72
13 82
41 2
76 2
79 14
90 40
80 41
77 62
76 31
15 82
65 14
57 64
43 72
50 8
68 59
62 74
14 1
53 88
56 37
18 43
61 60
95 70
88 48
18 93
36 23
6 35
12 59
60 44
41 50
9 14
38 80
6 71
57 26
29 50
16 39
92 47
53 80
28 66
15 22
41 60
62 55
42 99
9 30
99 70
53 20
76 84
66 2
8 2
86 11
84 19
53 22
3 52
30 2
41 20
44 94
10 21
1 98
46 68
46 98
12 98
54 26
94 96
80 68
54 49
28 82
44 18
46 93
39 58
99 78
36 59
95 6
29 12
98 22
33 52
50 22
20 13
94 80
82 77
48 62
70 34
6 43
15 80
65 68
73 46
80 2
4 66
97 46
63 42
6 45
27 86
52 54
82 35
19 50
47 86
10 6
1 24
20 23
26 72
26 76
50 25
3 14
86 37
45 30
40 46
60 13
70 73
40 14
71 34
52 86
62 39
18 27
4 9
1 48
26 60
14 87
36 10
24 77
38 29
52 73
26 17
84 85
12 78
50 50
43 22
28 35
88 8
26 13
6 31
49 86
36 56
31 40
29 32
96 100
60 50
32 8
84 86
83 52
81 36
76 70
20 38
22 27
6 59
76 12
51 54
92 27
28 49
96 3
99 78
92 11
61 24
29 22
16 45
12 59
84 96
12 13
86 81
16 3
16 5
80 38
66 99
20 17
63 4
10 16
100 75
30 51
4 70
44 32
36 88
27 68
9 42
47 66
58 41
87 84
8 95
92 25
24 15
19 18
64 69
20 6
88 16
23 16
47 2
86 50
91 20
60 25
12 25
52 13
70 97
40 87
68 54
32 96
48 17
18 65
54 6
99 52
89 44
19 42
68 51
85 92
55 10
48 51
12 44
40 83
14 11
98 41
80 17
92 73
8 52
76 80
16 17
56 23
61 78
18 92
40 95
90 32
34 92
14 56
82 12
40 74
89 28
94 56
67 50
40 82
14 35
21 64
30 63
97 66
86 10
12 75
47 74
68 96
58 51
17 22
80 27
10 41
39 28
56 25
24 54
62 74
98 40
44 72
22 99
28 62
53 44
4 27
44 42
83 54
72 67
77 98
16 37
33 30
10 83
30 40
33 12
58 5
17 78
26 97
74 4
35 18
95 98
4 67
6 80
78 87
29 28
43 52
82 91
70 75
16 90
20 48
4 7
96 63
53 38
50 14
73 78
35 26
38 82
38 78
64 49
70 14
12 33
84 19
30 84
94 16
34 34
33 38
84 23
12 93
88 22
90 65
93 22
70 32
50 38
67 20
83 94
68 3
66 7
51 84
48 67
17 54
10 44
24 43
34 79
46 93
43 22
23 80
28 29
66 78
96 90
69 34
19 20
96 70
94 75
9 16
16 24
66 2
19 98
46 18
25 96
4 47
20 56
76 24
18 2
56 86
86 69
45 18
100 71
75 24
85 92
10 35
52 64
54 4
96 85
3 64
51 30
65 54
24 99
80 64
50 25
3 94
12 21
20 57
60 79
17 54
34 26
84 78
6 97
70 51
47 98
30 66
60 78
58 24
18 97
96 63
65 90
11 74
68 50
90 64
86 81
66 40
76 88
39 66
46 79
18 39
18 2
9 86
5 22
6 7
96 85
22 100
81 78
12 78
6 23
86 97
94 81
36 84
73 100
1 56
36 83
21 66
8 28
64 91
38 29
16 55
25 50
22 44
2 38
71 2
44 71
80 24
98 16
8 69
32 92
8 72
32 84
44 19
8 60
80 26
18 25
52 6
26 34
30 91
12 14
74 90
2 89
9 50
20 30
79 68
29 48
6 98
95 30
1 60
45 32
62 21
31 100
54 34
54 10
12 8
48 66
93 72
46 3
7 10
57 48
37 84
2 67
30 52
70 28
58 58
29 18
89 56
86 47
26 29
74 5
9 52
54 85
87 94
27 18
45 96
100 51
10 72
52 42
58 77
1 34
62 64
72 52
92 46
34 96
94 43
86 50
49 60
70 76
24 57
32 93
2 16
29 12
48 73
86 75
71 80
72 30
21 84
52 75
56 5
46 44
82 30
41 18
20 61
97 48
100 100
14 70
86 19
8 76
42 34
80 3
48 90
74 70
94 81
10 9
84 46
56 92
49 100
58 4
100 83
30 5
65 4
33 82
100 55
6 17
76 37
15 40
33 100
58 48
4 33
62 20
87 44
48 52
46 13
13 98
46 20
55 62
32 35
74 19
6 57
62 63
40 42
4 77
16 2
22 46
80 65
69 56
51 68
36 78
74 69
82 97
4 61
80 43
42 38
82 81
81 22
40 43
50 23
98 97
88 80
18 91
75 62
58 46
38 78
30 92
31 64
89 52
88 40
54 70
57 46
56 58
76 29
18 50
68 26
22 34
40 77
27 64
24 23
69 76
27 28
89 82
14 65
30 55
34 2
42 5
48 29
2 18
94 25
56 15
51 46
61 52
53 94
30 78
94 44
90 73
93 86
66 39
56 89
98 30
52 89
99 30
70 24
100 33
47 48
99 4
85 94
39 66
47 10
44 74
22 29
82 10
96 12
70 68
44 31
82 56
40 43
26 73
76 40
58 61
92 89
60 65
54 31
20 85
54 48
53 68
58 24
67 42
55 62
10 92
71 76
14 44
13 50
75 56
84 96
86 92
66 23
72 27
28 3
98 81
31 38
77 92
17 98
34 34
95 54
14 71
77 76
57 84
25 62
63 28
34 30
34 94
96 45
26 56
5 46
36 57
96 55
28 53
40 30
63 80
88 24
21 12
75 36
3 38
45 56
24 98
75 34
33 90
26 87
45 68
14 52
37 80
47 98
92 51
69 68
43 98
93 38
10 44
17 36
63 52
16 61
67 40
13 6
49 64
84 80
67 46
61 82
75 50
1 40
67 48
71 50
27 96
81 60
87 14
20 90
77 50
88 6
4 36
84 79
54 89
64 99
90 23
42 9
66 95
22 72
32 6
42 40
14 76
84 76
84 86
73 58
80 61
38 26
57 72
58 57
56 43
90 20
66 24
58 49
11 94
66 58
22 87
93 68
9 10
44 80
42 41
52 84
80 95
24 12
92 36
15 14
16 30
58 46
15 64
28 7
94 67
72 30
57 60
23 30
24 53
86 90
82 23
69 56
9 32
33 64
96 74
59 46
23 18
39 18
35 100
9 72
68 74
91 54
53 64
17 38
2 45
24 21
46 43
94 42
22 5
39 60
7 24
21 52
94 9
58 20
54 42
11 26
34 23
64 31
64 60
14 50
99 42
74 62
29 98
58 71
34 42
82 49
74 100
42 56
44 26
93 62
78 12
77 76
34 43
66 29
51 38
20 46
6 23
92 98
73 32
2 23
82 52
67 44
4 62
40 75
24 49
6 61
30 20
65 64
65 46
61 32
19 96
70 92
12 81
65 8
40 34
72 70
57 46
88 92
59 46
22 58
86 32
54 20
9 88
80 60
2 49
30 11
66 35
38 49
48 66
56 73
92 88
84 38
35 24
70 52
70 25
4 5
30 34
44 54
43 32
32 98
9 76
64 62
44 86
1 84
52 77
75 6
19 76
36 73
34 31
44 95
15 72
78 68
10 24
71 76
66 75
74 53
49 68
66 84
54 21
47 12
44 62
98 93
67 100
88 14
76 50
26 28
73 96
10 88
29 82
59 96
81 96
88 54
21 74
93 8
84 12
62 97
60 76
99 44
36 18
54 55
52 68
16 66
32 94
14 74
27 18
99 34
82 18
56 83
10 24
