407426276115 229135540815
469187486561 196092726429
696362450473 29132132993
775533895803 495611866085
282689009322 80001659054
852995296080 462559503169
913252644219 586624240991
531793620683 431656279650
488606102963 478489565846
610297644450 185150690601
993850209209 36163952377
340440394047 198175284069
479740771004 367573276642
674600662337 135760282186
167554729595 159507344063
168693085596 35052633772
496231924530 191547559545
379209979519 194720783199
793271688616 544201779836
849770137991 735839220535
780859420791 172688318329
89818485384 20007309009
16355001027 12614768379
37835664184 17142880297
459984628827 37031405605
696595592456 24296715059
8653374467 1746992549
837344512033 666544115050
874741802100 138719469974
544414908040 349482604431
584948019469 228596147107
548112371212 27680918692
576229951173 120682782215
629366016688 40513520047
88780282400 15141645778
856905325433 585719519885
878214237202 650029799169
578186502344 235457368745
419228655513 31535573882
325484612234 24148206403
270973902315 126495171501
584515254791 150567946851
693562430408 95456210928
815765492466 614629416636
598538815680 249877437438
115544287052 64443149219
726447891201 627686140341
143782729762 117247492608
455960404363 14156484391
549450125976 43468784484
323527582936 34778793483
68072312599 54270895589
859392363515 395356278234
428238234960 139954125985
157457292674 39361605413
710214061469 115258266994
68331518034 39331106278
626539746914 131673056114
790895291496 619613011635
648448990018 563197452429
104137505144 62410493883
77357661916 27565899578
90705122724 78846143063
538531359699 373244150017
126305562611 91563579181
167387836378 30990337176
681091063306 32807465493
652850233734 22534967002
969237464047 483398710937
166694386627 77718155549
281814140788 71984588443
523881433362 387243293271
429611755902 263181119386
814161501889 491517362361
99920639868 36669894362
364801968306 360608318940
779446840506 192883234181
758309806245 34414203674
13823673803 9886976031
47118095521 26778175751
72791498538 28513865154
540101953888 366616144941
580297546992 488709559509
382941183893 359945564237
692128643584 451683521135
866866162209 664659373086
593194351482 259508142316
501601385532 322859282190
962844735210 17394387514
151208498641 59839484868
177964714651 163244271308
61928070492 46685129207
372560270141 61489118571
584890197794 489560585104
53655249558 36400401187
703119325312 111109126981
524224842707 461255572869
64782280903 56267477787
920597338518 12456512820
418836718399 54309071293
563121972147 171904367607
666021771041 305125312478
652432208272 466134020202
393793073371 315056375928
547382239388 96498536602
658243752931 338006739258
884958327905 184205569132
33313919548 13440974487
641690174781 598567112587
160380095970 35301356257
431772826886 211180239185
294076758831 270374824458
894603200080 162476644414
585314760379 297549321607
78080302603 4291454505
296588866501 32674035446
694986450245 84097595874
547475310014 525574372117
38239325820 16581654207
158883200885 77476824742
14447945055 10544318464
582576537064 476051014538
2948979809 119043143
406202654105 134966523321
23427945305 19820607458
765542678436 760742443868
180401098694 11310671217
324785301852 235215332254
243617421774 147832844089
430175159073 172790230648
265646226510 32925210104
395045400520 249108644798
764280788920 597694279851
476422328524 318084151599
692359656562 363661358513
520456902343 210146723992
75966847541 16388562315
68988181206 36833782858
834437309122 88554697756
429895558076 883994955
329273278109 176349653407
255215902708 175948587948
610614418329 282397512157
882691464740 129667710031
548699110235 312696114264
151718134742 136507199820
868920512604 567890002575
256038498638 45107778001
735043499951 1748430384
563947991962 337453663480
840468185045 435519188618
537151892587 54984784440
673203339484 471088571036
330909392828 285116585309
44163034578 1064812041
738899123732 64511128265
235246137987 135697840585
512013038707 40586384638
818796254750 102726246118
224273328210 14093851677
832295451839 128869794160
290000609580 271277082269
873252752503 272010416027
914120559946 740261166840
179189771922 25116077241
534397743430 235387252878
968969938706 690661810087
625983156047 225225505572
323935223156 105468974412
377672049862 121186943673
143645824657 78852552999
839171082261 316565370901
594979028123 146271521216
452643571160 296604607431
475997905034 361134164211
815694877438 741117133277
563533503032 238039656266
742372454625 199587841451
212068496089 114810922735
422064279019 211891227326
687740602785 388408187419
932679469927 548715127075
370279962334 154480096257
836434481383 316614012693
879828305549 132048687506
776892240106 297842388820
326006592475 272597922437
812157416910 393653664074
94558653159 71314232711
703708764605 107870806756
89419910096 11513685754
309783774436 307911678842
532546127478 417882990935
186964458683 14736512681
204490190299 47103393913
495646721085 120034240429
186807934242 84756542652
795179131192 570680334063
154020960168 19624526227
849565635193 48184696790
740148939321 69976569337
493734407439 399196974045
520567223266 34170025866
904668465363 418261962653
598999840867 393278176202
735676480038 628236017895
990330765521 744713053325
784258684193 30511462494
83839516452 18544867875
881500669735 240450861605
192775084553 8758164179
868652618112 688484133107
667915917411 335751294628
756474438504 145216471256
818882472740 148677650427
657292617858 246482036031
498774346382 15248461682
581658958707 69227177935
391873221323 273560180028
185433401700 140353253958
825034308684 651728266740
797054152536 493377152348
648579298400 32569947457
503576234872 63236563323
782026411243 53127434498
991051774160 377548111796
861363063505 486176699184
294731554107 36770319540
714516672129 455454427212
249236577831 96813840199
247337714456 10285880547
813899416438 419257641897
771930296557 671524489851
20672784616 13197178251
2736894398 1481415112
913046487511 66935754232
776828405632 109420829762
359843099450 355912712277
306316119066 7746006963
135839127892 96045384612
375148676192 46006284614
108907304023 35584158468
895548649821 272546113397
678540661236 362081528119
224317122490 186826068411
816356153129 223721067231
237716073136 15409527866
554687631698 407986505802
426900470069 322488603160
91201445470 9385848578
142514858795 18260482658
232628490288 147284776767
405456828873 276950447056
604172863335 443871606500
63600792327 61799861695
949490235094 533566890374
743684743045 112662131905
588491313116 189122846258
927115456140 676705515606
852231800101 136794974297
844843141885 683197072300
316738916237 171467370149
551123325027 220588727092
541518260594 109683921032
85240680464 57290515092
833297047586 731561191700
171586074495 63013578924
142957128724 119770823438
487759258431 165778112429
827271740609 330215822248
604418670921 382849055360
268907859742 59729107794
17376178769 7038397376
687393013978 126573181005
39157643814 13339125239
364506695083 162583152959
437541278034 112289463733
530843736778 521878665709
132856340162 25766189933
766016791763 343275093295
535647112408 213246943051
961529304674 757842171286
760546869999 89953010494
869184764627 99034773797
537220359162 5497315812
349853157510 226770330879
444040285699 377760189769
767307094397 174009668531
758009843166 395759630512
221592504353 38629210035
897544504981 97770685415
873420666923 451227980247
633405381947 143986629964
960043271648 306862179557
834096482415 76494396842
273278368963 239374374765
499329339363 331337864304
810246281987 271976176367
618575637511 209239034153
433845714081 237933312190
794974139569 13812670373
373039593928 41549223943
408527566467 270584273578
898058355174 394429487566
383349178528 381710297367
172189381956 104882758914
426358396438 150188066729
232344288460 70536089180
650179120654 180636509102
615715126915 26703949562
292355163572 286015318644
93377754562 19234145507
975826283045 507090110302
74819739589 10770960572
415845102973 152016855994
325609128523 12802267334
851910325651 206514161080
46025693194 15220318490
244594708598 231211892430
413206600033 105771976335
649895528960 157201098732
126278131386 51975894053
616953519061 41158895864
226333966853 26231509613
814127745479 303849884484
885790239047 633039657099
299158289981 68368511249
757489526310 554854260822
837190687413 21390749187
680776809390 91506230557
628952345305 227626558274
846495867151 232470443392
232497798471 174808025105
901147421158 117535360061
837438932512 213626346797
152253782204 96759557609
996874707853 987771922721
54207454900 29000197377
377234271980 205849097310
151302949655 41615961152
371265784770 252250031378
163707254036 96899865861
347235128061 215567146383
63570719294 8995201038
356686204683 255899959494
54413613861 27342871936
871066604382 110979814423
664973416461 398747569951
491763943324 133793823282
124561181055 92828245332
844355264166 493144752575
754394573456 232351553358
958576215614 30323574252
131242251736 57035841513
160974907300 9091982285
106180347729 14070615158
207103516660 148451161162
446705323640 402918738986
617747353889 51564193140
68355622808 33957090526
178245060607 84243549245
987839266784 442256359234
741836131752 82775805531
722044751384 131371813480
291027004592 60532296854
33279774649 495804276
22406366934 16178837341
329203578588 220738535682
532431139010 356840151631
193751346454 94454271512
63818948283 58762994688
456694154096 52074115925
989828903610 917846530883
140270099216 71507990906
101762670029 5672448748
822462761231 6727593451
853213912177 359085522724
541935836124 425633927238
339705566392 40154156808
617231893008 142603310129
137033442212 107570501711
500930123778 237444236946
656926776591 241865022671
530390673620 207177565805
245882418524 177219971861
128197079202 78746448490
689421084478 111184006761
866121322494 368055446310
546944149316 82531178026
767781188816 35228984162
233037403888 96079814978
998926071048 822252908758
625180229123 355715625726
306518074551 145531561902
806395192736 51699926061
244199532813 75780983338
289180099812 188808476096
680893332410 549903162515
696118491135 124580975575
524794465535 288466357331
117491669907 7295796806
226997419789 20850695160
408671328314 46526670884
313226573841 2774287743
258248222855 157473076324
953649733341 409666367187
647965447747 1363889900
864198314649 208642370528
110715584868 51558366232
964631550124 9114414573
629452602697 506056704626
667344113720 91842251403
659563602634 390433383954
641855802433 338394849096
856731323176 685169623735
491146971420 472660362990
274551458353 31626005401
748560085230 188801137407
311293837222 217899596901
426982858630 215935766689
621666345701 37577468805
383104994626 343697213442
225055856844 8773939831
735726005942 237507325721
631511353500 66983824542
691909046464 129252543293
449789827585 199878350133
295924311138 172880704406
382886209084 6877086457
786160931838 205413337172
643121818622 362080467715
668895716292 606561252486
383252998857 284889609759
670586727744 279673035720
996248779735 703476340832
905957617685 300741499108
262068443609 85747572963
435870812004 288771154926
584334301001 512921607481
860359256501 490681215497
128373913304 51373288850
426784076357 75079725228
746114895099 628140186219
82320421718 40368744455
225696210774 160017493561
263753065708 208010003202
944247973755 594951722584
888498111185 337327484346
407783521910 99711989944
763309720938 470784299858
117402580338 62563591859
167260972755 134822763031
718721769268 171933699795
971887301984 716073732934
823319693234 156206909564
619953186325 444215085885
433775033202 410895317836
532713890232 394567563480
660490936787 531904403283
136165069141 97449420270
994785427668 785507288870
961900915298 407978507288
477131584405 162424122978
523353596075 268403576773
765183284044 155769163275
486028700 363859074
19222623404 7733710325
156519675021 40424217167
406796715821 359304081899
618137515927 6701331300
839048193664 701891135591
151291857389 87342401119
282811431186 119829344194
674101352184 392696029513
443005649681 13076115434
446812584240 109254014100
254596161456 134433091355
600570235081 312135217498
244105379947 6711889509
608257891201 412572366653
477064522814 475376582844
918748196046 726813132980
210175944645 15045383416
838122388156 48175187124
158695688694 37795252189
305313553003 81276727465
860902054763 54464228184
302455091378 93810702223
96723994428 7273402699
614914382690 150028491973
438340658941 108020074249
305218000609 173635562446
49350924390 22285508043
793940675938 41846242838
229444195051 46793094163
688122580999 687277494525
97528091319 74424829290
658823406655 561295654063
139129848365 105533734050
531159708077 45091916872
457039412673 246624222514
670809390998 167302119313
63117679898 49703935765
21969397128 10233976664
226419885657 206578445488
600512294051 391482389391
503141220203 436895869569
349269541355 286312014171
857969307396 67538362999
812694712845 518295463732
58529397521 1109883127
682480696564 608304903996
317099215735 133788392517
496803935216 182701800432
207321529104 127023600626
922452775557 119461837000
429897855974 76678402523
782439880208 77293917516
881748867978 136426053887
48000244774 39000893717
332108480466 217652316162
651618727702 77120182203
362569534707 97446567541
120040000226 30235904100
194848679607 49958674114
690908939490 197817040953
903614254429 237903529967
58313808488 20322579108
758680745532 632014476369
734244036180 233937997401
829818116082 732904719649
485417506585 213882288347
41155388973 35509314331
975179781651 40309230978
794896201619 639486080347
260681745914 201113623596
19000819467 5922751740
535892857459 103278101253
47422362814 22696479497
107301871224 43522966126
840869720594 130122622604
615896599951 433147394539
77626883709 18475230398
486892734927 146440349637
437534026810 238220783105
355098859402 302070499645
206816609587 8582423719
623003034907 253251056658
433726537164 315962125907
73795826814 9589398726
330482154563 115069169259
852186112271 730619219497
799939518691 376883626950
916066015717 162395109998
198646120893 137419209382
2210394718 272695508
661650238553 133529318495
198162581757 27930805464
418389904847 73693612164
920709659249 884977733331
314712974937 253120818739
927317479202 194694212674
158304602277 120805039992
921929669576 4914886523
534653019348 305228118786
46192995848 4432515229
774065251564 163792421347
224221247973 164116963401
377708460162 13762583913
403980788514 150919399422
933221710149 550559465069
3953182190 1317753986
741650430495 689718607472
172880281422 7485989869
454174340297 172419726786
303170072810 30225542394
966107745699 324989257264
39411594198 18653098094
923588385299 189987056224
215099451254 54396668849
228473630732 133112215446
702268993600 63253603250
395704458468 154303061158
22931822911 7291296130
579283996552 185373833376
80330291406 61985209428
116560663864 15304903267
269010864093 23616311796
653694574445 621968830557
967673197524 94232574773
70919779880 25166980356
948760308367 739489117813
551559389158 145784362463
371822952481 147647609916
857693297127 7293706853
354213352516 221551567599
985335307439 839705729996
907685995229 166196329038
712769341314 252467589872
826366116022 89479319980
261149449928 129155565921
244649589154 14111735274
144275023754 24130220591
60320760214 18862087980
197528677012 170493780309
361446987555 89970722851
701369520590 273953861892
788899434212 658672416076
854925519680 331072500343
941198096211 29620426435
547729038179 228003163310
935059239543 753344389713
408546509827 67525138208
173525182627 51632128479
599423020464 200742474237
85436515461 58149135761
203132276947 42256356954
838173380047 1680976674
600235716055 481339169663
770814861771 650629885081
899446384811 271147957961
392201947946 347971492754
810025633821 153959264910
629460477093 120714879483
85141215068 53850276424
156958475343 2124239422
266361952340 199726820807
921430679213 174617517664
453986469915 321647647323
144719425927 138048226851
890528609490 338830130485
445393641980 402999486549
967686547026 555074725899
499851688210 4987873842
680747901380 169038798199
655940010280 48974467395
268802124714 174367002878
605903936468 323606547488
919253462792 67995864875
617178338989 76785188519
989410242011 902874459751
934226649665 832267303540
973192921326 422744966838
910339168130 481460317401
674966766084 85385287822
392543519174 44838187427
377385428841 297009403323
884349965558 229537034961
237589351886 128933661364
565126321793 419650197052
45977564988 7995860686
604566462098 323869419611
151226666711 121234853659
267489729151 248260451543
442844598137 116696309834
719738348843 560803119597
609290374807 211286740866
657032055345 224186271483
543275957829 347676072484
807829639781 750664511073
106723231501 89794601825
170627058659 137721085535
775126992610 474150440479
33292421589 11965446013
590483876082 396697951818
863949677873 312142248650
36067380587 20706089278
977386926591 457583131823
456341559342 445043873047
972828040123 434146763108
223879340176 185203225826
850920235448 461181008309
654718467374 158257696085
22691612990 17361717899
718478906253 273688839261
671308009016 136199963604
734734901876 522857225129
758416455819 60317132819
398061598920 115087499840
644011646201 547871499059
718508453360 502949369998
643602994733 21657446403
728017863357 532280009785
883745274226 541814341474
39577150319 33135554339
90155379931 68287151635
666731682720 207784092957
305373369243 220887014087
657259924983 98167773540
50440003884 651221887
402521024836 370591353293
518744208519 359702047789
922361754525 313622693201
635348483965 376449051642
513090415365 379971192958
553748559516 375309042045
780867771780 146242899525
760552319426 657561662437
610179685216 535715293043
219493975487 61191154289
998738168817 924277691446
443527234910 33727426851
373247414637 319562887203
31855742436 13799051663
76830131996 12927423453
502012358495 465062927440
741010644154 617773652506
107120225548 30086348274
547405962435 45198095651
65420371295 26019698217
618914386025 518344798835
794661442759 121669452951
622855099500 2253920289
574927757606 532613730671
356288173462 69380341777
731761578951 706586348255
78247229952 36395627090
737654954719 66895320825
963165506681 493090810550
482910705307 1938710837
465020405196 127857351045
972427183692 372813438281
854198253835 829276135136
173128624146 68612997702
768969806130 22424471107
526988553488 321355627269
626475032511 93263180159
217507440034 210967681288
768145530015 399751919491
104509538051 71356272667
16278627151 1920037242
893349981916 647508866606
425105119367 162984062695
993895707405 268100829184
437502070937 44847480898
107480231879 21111960986
636154442394 84700908296
8224809031 6690953688
397231963976 335788924615
190695149438 12996113816
328371334041 277418039636
812314930460 243881831301
466825249059 342218808646
298321661604 177392995822
526501766829 248000805511
537022291740 41035030837
250299002421 72149660719
132694068004 111945038512
675758297142 525349794167
253456084737 86404199589
404123539733 209853672651
600222291407 131600502390
515718319932 39230164087
885331742242 392479733124
187594608292 65510280855
625708531311 20556056144
985004630717 737549311122
784132197917 590673618049
322952583381 203363281412
748291460935 84781627573
170127738033 111102336077
733185371799 366951154874
605845101673 337104798009
932599574042 318934747485
994129093789 915200915263
447861704696 234503391195
9397008686 791187635
119723074898 8402368119
55593903263 54116984243
32967004456 13088266549
379139802634 166835891149
939855244669 535974883116
482236798848 100673806956
424765339392 10529663813
188911762167 25205961201
689094705465 197895890132
344209640256 134478249035
146649034689 12386533524
278800533404 191890285733
562254144324 334799724739
157529745562 112260276907
568912276444 132835788554
51670727842 27787877858
503339834124 106738252647
100422191329 56668986433
321618755266 135475085500
167043615867 48982374981
322275681536 126196927692
455424188075 91584790167
666725371672 476961334024
490370648377 159004642387
750557221941 20306746220
771171735909 483852436800
14153383933 3185923538
799791793418 776533728648
293532037533 217546870066
902213839280 135057362874
737614931230 468490049501
280301937582 44339571850
342611239178 142738771148
111663441096 21414904321
747609463986 645544082803
746906579818 701739553183
414311949969 158231840138
582232799747 169895752655
84979821601 69615876750
742595430223 197616285266
878469965673 280223583192
156358167575 70225865775
202952514644 149816079561
684160822986 475487928120
747544097834 541144806509
507506150183 301208730449
736096815079 360351169365
597481999166 361069027517
153367256691 97901963924
648433197726 136466767391
612445101148 59270929776
365892691185 253259330957
838248805450 136119476901
178410724977 101106824225
811950134965 22387212183
999995016584 774566528502
325618632310 77611344252
830885058184 796677845710
943601551426 760251813277
304172357073 222850309169
308398402329 187433519616
335157772865 75909265165
147787900506 64631073052
856078237983 529301114146
561334256212 128328601708
342409553371 155811786652
157643018123 126552802983
341261865493 119332436847
322044707261 180961194470
365924334045 79442008304
16615320387 1616228974
993967030485 221748156692
831648515552 173684062571
788653259374 660077743760
33437849742 22219062446
509950972574 128692205490
127450659189 69628066933
403778470421 346896734563
395178116221 59153904633
306975038532 135616076908
496819096767 113637141882
625023106523 6656669427
811132239784 651477294953
597618220473 380276597610
568128527476 439600043794
848013653075 719995921821
155938741827 37558881036
910467911506 720335482921
280514977485 238679414046
300565710148 24047362165
927737240310 620842445397
344755689884 48111808303
779999194201 370237037899
68611038837 39850803140
734328557181 251198671699
117993743662 1526635600
47712368606 27231115396
308291397854 173880331809
466393467844 86276888432
664092130143 114154766216
205176275450 102619881497
527536808300 372958625047
225658196494 97308237493
360714873782 206016542404
699123016958 83074975514
115330570312 31208294494
353587078499 273942085239
673123973484 205420594841
321900796964 177158819533
553887887452 235560012978
510291742372 37965750398
72783706179 60098236825
64530831423 24094408999
234203778261 110867744937
920047945400 512678964779
924309869510 848870354079
193274187675 92467297116
245435208078 156628432276
97024817032 17300601469
378909641902 81248293308
354698031350 62578647235
204696420016 51300138680
848255444017 585989948958
793357397963 145540021259
865550570313 94092728013
741304080 165755956
205504167660 34849944448
160070635162 123763421688
575208333040 407034309818
315128288549 154723751121
918097829360 213709030695
285728519289 20636239114
385389730881 88363393052
346212219651 205777049751
967843965823 564020205260
132149816118 40811500459
698168001616 509149780359
41701047903 38407249323
596685310679 230320845056
428961121998 369912781260
993108008615 536691451279
628357998280 365225758063
653882499904 622937457880
578794276130 246736780923
50242453457 88522454
775899707673 336620074859
863575223880 276800905376
15406958879 2285048890
971749911074 612389247297
745437685312 139135342241
973854085467 157582157511
473122651854 33950801487
155569221954 44955556949
847358764184 229207936832
737723703472 349719027289
601242093011 148221218283
529185513076 247467763524
452057975410 437679528600
33917601334 27647783558
433483659127 298912316193
531860157667 275397324428
945268446792 422869819620
308859663458 34073897945
851860116651 755239864578
657951159080 284363980281
276498855257 129717620824
419067399889 396740206150
201072251788 119894594597
564656922759 157894980653
484297401792 309135174776
903942623659 752786772440
205628264708 177131039251
645810335280 402925956199
312823100490 2398383713
677408622210 320866580478
831264317063 255841032369
623691437219 424860431789
740954079435 444774108998
921747013006 678031833103
765778135826 50491320635
596505391003 570506800919
367843572363 55691097402
928433600908 924953696861
556078738262 210069609445
667405506493 527070038803
175303110160 135617949572
938803439102 718722545930
773569753569 43045645971
477101110840 266429797850
355232159839 95390167192
118116642835 21676790364
565803798210 420954776463
557467532247 338218987330
418802300025 48832142817
761421374277 3600526804
21449776344 13256304429
156651947083 84706828713
620855391056 34046358217
202359850594 145879674727
63722247509 4729026902
420501670371 262568920367
653394713344 316367678529
653408321475 324196013612
842469739271 820310913741
509267758354 157208367559
620206719668 141756760843
436792604065 321154001193
127477682110 91575155547
206567636309 154436412242
263730461132 13455260834
714592805760 161217567640
945356628467 225711730711
585286026087 574225866096
198414053331 152253528918
495124389483 106343812350
950196269354 847550351580
848127090714 578111973826
695229440245 355393789881
681978847757 164943399084
117643052296 8578026423
51173709712 19530218420
690455940464 156993271576
69310199720 58772996940
529087682839 375521514173
694464246370 281454473871
578223672713 48484431508
687398599769 181658525970
99178326460 42665755062
926436366691 368675138864
656353990623 525167475519
375424914158 177062035268
494092758435 210152143189
775947350557 474603003128
569290104705 149312411640
488683966566 317432510561
435337475791 93128895973
268346052421 215479063064
970307186896 634285478322
897560555355 11076317996
338711136664 185988396433
266949650339 82188917530
719359723035 15462532864
874628686237 71929304248
25960081146 10878084737
452089621869 161589105927
414771469788 196080210395
171011459484 166390998579
190907703072 182003080004
714022815899 46246890808
546775645678 113866402160
801628183981 674158210833
554374992300 51290937001
644537704404 342498483424
330397242541 110313001755
407250547729 127219645133
113191528539 61126750808
265656205930 127000723465
299187989361 49614717235
652660425631 51756750694
788536066779 37601276496
396262044775 144177664601
227673141515 207248159130
715932481967 126460743988
279461595360 231915410464
318198244227 17378630779
914595167579 886643734370
100999685275 83196272881
424353417754 127363698751
938766023256 625932431074
813297720397 251356342265
640799504745 54509947795
408353982 239525388
849022005939 81436114992
135563753747 103523582759
74726504997 49426270338
138853003649 116520548014
115355950019 78908620464
871604842769 225314549694
744643838562 84794721888
778220968663 238353990198
520592399576 319229064352
774438471423 132483031767
62088415139 20099154496
737745669497 676256080849
284130649845 128463094425
145049530697 89122110388
311268572674 41337418940
808283800822 125615143346
63169927343 22111236274
104390386209 51587710678
661715830047 219189747976
893284006917 256953153215
307471360936 297961464017
243651877334 5439801427
434313679381 154438161137
562404460404 192835039444
686592147804 208697660255
42853494145 11146543375
31674525339 4451324471
991745584274 592652205480
278624966884 193602341656
483232287320 172677507951
908683391540 362294796436
78821274551 54192405195
303153113225 179604779335
122402603950 6198472917
294537692883 280240368357
485956547224 195375739743
172551045457 154489569669
617253962714 271422915132
948723208818 788052322388
574293037453 170776198528
796512384871 54765737640
625542795139 479519785354
143589823027 119284046968
450633140889 380772789158
896346473999 747831282825
395842326366 94166021637
133369189509 44718273251
371017684496 299027342161
890352039096 72431122785
697685618812 685917596366
579575047675 70174394795
157958100566 124344939388
657142696416 56554277542
610069002514 338062817206
337675521064 134741281914
866614959901 202289358348
760913582665 701760667952
840720237921 367475742537
962794375202 715795439420
85773480433 36030900515
618125510442 176142281733
500012751861 25870312210
349109270734 270052317242
383790740487 19890360121
271546702770 120030223338
190531284057 149075261041
667072281835 6428675009
852597514687 801034180395
444742879173 97454463853
691531776182 246205304203
526865469943 33840784689
641297431276 301254517180
863910199155 460214234500
588872390934 200665794660
605831932701 158645283501
935995162801 822935415601
158961561169 46409202174
116434513186 97066816155
145028720722 65534141875
925363328461 401489536524
996056788036 611200713465
203963173158 10712087017
855700900841 546941890157
519079419970 146459246552
357687928786 185683068900
360426335437 138801318288
820652740990 24807407205
666197919588 206262627744
425955407729 235917071854
240442498316 100201341636
261300571697 78099495218
84070830691 32790981314
598785594274 151032312244
304302198906 222910183197
393471621685 10926138711
69921443865 4721374449
507468101046 232912893289
419724716066 116754388792
799609876447 73000941606
657650467734 266194181090
877609635619 14161150941
382650382778 30342160648
397916240150 341366842231
622595716210 181424008120
127033133994 88618971586
996134641222 805844870797
686224616269 485346145297
10150188643 4511875578
99167513269 96730955100
868219161726 663567926377
100941669398 29923155621
945196666423 826491789683
386777021553 187914051871
5317820047 2102876079
624290233654 127899863878
959556098399 29287595168
489890263783 479075047494
605840829249 417801814427
853203631884 574836153301
230010607004 137676877554
66616667916 2568893862
955025271189 250136239788
542017662226 324930902131
601185414529 477915184965
329795280824 168402108693
204796020810 79184062274
471037496366 13316880421
802933509537 617389476651
855904988876 412233206899
293609451107 162767866166
114193456779 80446847706
111990339472 51299305032
386377016009 285912033536
755347763876 37661955034
706120898277 533065277686
103924423563 69693026015
432929518163 98045726588
176161137207 55021901092
207341197277 99174880460
820712955405 630702371445
453217543238 19623313529
254972772936 151003151480
913828545985 748864034413
968362546946 220122275696
608004372205 176447418254
60409030396 3884467475
828138546780 563964024479
926206051220 254060357052
830704293332 108234451694
508658207406 422526674347
363200306925 266095113996
440747679666 349499938865
571329448768 297549876956
44101934270 32173879272
800187516350 781029054907
398551694801 219748769205
230569635263 69545374314
737367557505 244462733950
703086982046 234455697870
404834299738 137110039973
465477420194 354542142569
311837163670 167813298277
494392122891 231739472483
330291560746 59297577912
379226273745 317838875584
100006196306 67751787101
35429879864 28870205886
534000942287 227319559325
483629723628 195593139599
637661254710 333624379814
727308662761 107830860846
654454676041 272281313834
577068446880 261066122358
472901469307 333699604831
215860627476 123906595838
578093183912 253448005738
844882758471 16457810289
908312330780 661900545481
38114418007 17879247170
683938993160 140821017522
708959801955 156260279572
171148949980 92377209541
823963020142 798926090800
819644866020 791282236641
559300362687 254636253731
455686084924 380388757434
923025602587 669250193597
878482931262 618144690374
745756985218 506051309088
584232357590 145913732991
930007400827 35136742118
681723983793 52618457697
905096374028 478337662813
76087708178 41896153050
986716729390 750344282235
376307902071 238280004514
148041164021 45814463612
91967626422 40515491195
143225191190 115367709264
308604745347 150032097908
518729054350 367563084135
191919403784 88705134618
138262456148 72795027243
993958637288 440075855214
595444850110 564861485040
2573118321 1170537828
15088892266 8023509645
681732495264 75978193132
318701003636 107664725366
136361877864 117788179961
786115002206 270706565450
321757782282 79494222065
855377314754 281384794035
655159084739 101272936261
156657520284 47409266156
420148166260 341549364374
809284336626 559678527018
690570020128 223352754257
316708348456 59794793769
500727071343 381843905855
547134887187 178978988448
323812682199 102549954372
367925984284 199232073617
76279456659 4232064591
941790563713 728735203442
477346221734 70004490451
88604171602 28507183382
442780893208 189622901052
872926407629 90570688546
486187175147 206901939174
203251900093 160429405496
142125525631 120243526424
55869394190 51816009055
566368610975 289721016185
191582355706 57420160843
34220539998 11838699361
853240577731 806322697594
976416067983 367645036761
856654815410 268254094035
846056100920 25755063099
786258217659 356302980364
510521995151 165801171068
401581621893 365020988014
685341265335 22191143979
818834581562 249269926687
516436856795 343318828711
798168727686 143492882437
175965477975 68586242309
470661541424 105592495391
383329073717 133853806163
652367295096 396028447602
228735420376 151244178316
842123557223 560095475775
452545321760 230119659089
526384961607 308969252353
839834673466 74080789626
112591565430 75350777093
360333779177 125704968649
847015863504 91713121886
125667147286 5223639930
964509771149 93004164746
605059107857 222668602115
269967968093 130861979900
181604628241 89054564407
400714005444 221999553360
860076439631 627734753865
277959075922 107081340002
578835032569 12892533751
970649247003 156163716885
227548596336 164265709836
962229907191 378991493809
220972278586 218923182834
537354424007 117725727000
905152604250 202118895448
717202242952 428054701800
867174982011 454972511490
569056501825 523363228473
522016550903 60978384208
766604479127 527608966941
935708666849 482647254718
795587092941 406862248853
987968051666 401623843875
233845087697 184433900623
853959456118 842751125362
586885381094 477235633290
447333095856 183367175636
371029734436 85901262092
257692305980 114204160013
583186712342 314862745079
996965877835 480090630593
222714431552 150471378786
608014658262 344250022919
428481978603 263139783049
14879212665 7103489856
10585072354 3870014673
742566475740 164384799875
226385402738 41335171192
970315076339 945024962299
889188514365 482258005559
226671317631 41792672191
87396136699 50052655931
289734170462 64444526342
130238389604 33914030474
93659197868 56905129500
70192155593 64618325040
948212414541 707724707149
951514052762 513777339976
548189618556 355523710097
435693410607 338512495740
462023485170 52567017052
565629536660 560324805421
714121960596 620452448513
920813168933 481928111956
540094236017 278793401177
312928295911 77487639963
433490571671 15499159910
765376596828 362428293913
388194604043 75032806471
324177317300 236193058400
538477106761 90344211209
625750191533 78099143762
982530314471 435648243962
372379995728 305559248834
509993225594 445525218959
525213062930 171689654150
944966594667 399190031952
722535025305 461906398295
856915558117 27017017418
273132313230 70856763374
928294674965 755856169252
549192552477 333536335729
982923651491 517646709394
737236829124 137159111654
954219051978 652606010335
953900817426 39704193238
437164567692 61376531364
85972498749 67492550106
894943811066 22046776160
481471140978 438288963224
407438328407 313737067494
332687322170 49031520732
385544066069 12535859299
253304936893 171731423822
833774042981 701130113153
298275310141 234645670770
267435349981 15764103463
319112503805 262545028824
125651599305 70671703770
18318148684 11370489224
866708579662 635808151124
223599701543 88119929483
970047125233 601883665731
721939145002 12484743698
936620915386 4310508975
157925601885 542311759
957327657927 18069953041
901147668502 655686026566
729000180030 160725433250
683515807780 413853929911
75696635614 62479715669
7946760323 12713522
366209587805 355487077793
871373570906 395609874917
128579545479 67331448525
384948238735 189869460197
914942298915 791546383459
82210590908 6660331141
287665789465 174568097141
233771023312 234761469
585746666733 967489445
551478278470 396876908433
123741410511 15079951074
185766212693 80667175088
619717638780 570014227043
661170160198 322190407306
848794633434 457237221244
267857040390 229402708229
90545765118 80949803953
160011145252 51257161061
875168493950 518014047617
593525536545 56845136827
960826676212 454357976595
65478075571 55028494282
201889840620 26500260221
942564103482 351682240567
490230044718 286176300413
461531373184 422375398677
591930836698 381231915630
978488025167 236356046329
941872826165 403334979483
55503761375 53427963751
734680793106 697138838349
428988983325 71621438881
59450435437 35504489097
840444113153 3070445255
972684725938 141434747091
429274499598 160704005517
734903960104 29144920628
472893255839 32905730294
270513142782 243922766658
426956843914 312888426359
255290966524 212869667506
652219917047 30411375453
556845100985 118681130579
958826935163 227060883607
567942349304 409064830193
240129122113 213516039639
852130087380 646111126388
524734563257 233347256135
971611266395 164390253940
864328956516 713576935116
333661525140 99512657889
840727983802 54069211665
358605499374 128934851538
550172255569 372680226710
965443513005 428990524775
979959437981 284846210265
531394812435 152951618646
505729530313 385678510030
305845407490 282176813117
164636962597 83339287647
673942684146 430735607517
149355042871 7101577667
59951747750 57326269945
483496794368 122200942692
366906594456 256107549998
751069620759 218784810279
325725273155 120023678184
757219643820 187627126337
810252149918 317815397518
878479469316 183562196023
599902371412 116684606143
12107111910 7767403113
876184879781 769632309159
576737424040 17005296616
697142640588 380780224800
17896454157 14799109353
296783165316 78142101898
811010788352 307595477145
258286800601 65408936320
297850661855 293857080901
263249604215 130165844758
98685151855 25726747368
146332707337 142151844651
23472944049 4537430626
61030967719 40116039285
834503018862 316470889590
386847784633 88517048201
147947016161 112516507149
471262643683 351612825903
889526242693 146793904353
804637704176 674365396888
313852079682 85863375512
58273949859 45085623898
203633607792 29288995613
882299181770 614061827209
872916365313 121237567184
523116153029 94304820298
799413213454 622242519502
700455555531 647777759901
829728451573 675222158083
836579228434 249680568312
241543467515 176655718351
540243119121 157747007257
737135547464 419469438407
998747727724 492960659820
528471750854 381271670743
808577543783 23279117470
53543650485 4356913063
113775553533 77974191483
145317423501 111459435208
153230211930 152909007478
877726897027 130564729532
788486198423 14020475844
969666802670 336926423355
673433620971 263060543215
688021786913 315355454576
741523388388 4811238667
161562651765 71584454850
101392827182 39945623157
218618142881 56040447415
11369208886 1096752861
294241148697 275578730967
503913678928 193376652924
164743563974 161369400000
487635925461 398756593279
477790768321 411136908436
681048345075 206016257957
134907330741 81378397688
484453748249 359866575690
869054118070 353236756385
692405195912 24729732124
734516390656 7251618775
959127367439 115537177717
415083862151 5641201871
129960337512 85537519086
984235114967 173920480176
332809868936 242652248652
44999872205 29588839402
213616573725 22665092511
176914344793 53948337484
528946610465 42137122678
692564191568 413275507113
714700186761 118676723411
792922610734 759548147763
720562171157 184816882400
398796694117 125512094106
135845418525 70919925613
151927785042 16585514012
707957906985 178141586731
626414486192 223514710545
705196692463 431971304559
290727245703 225935285017
717251266183 169762048458
462804558575 275428045934
671603561867 653476779830
423244329722 202421899693
692817210356 217843608997
573321474062 400883484306
906574472917 571760022369
593956542420 491913136244
820210824594 13208591615
72023773112 17909417273
970229601700 385054554800
88259424919 41381665564
920175729277 163412876390
637157076170 206759861889
647635320966 20923351151
76119212268 63274912730
493321985266 12648877620
55031370852 21327056698
693650277375 572082302459
600797155547 142762763055
958765450837 956554620430
521987803901 421580716543
525320920162 176491062566
891842970037 847420528546
25630787228 18159359798
602090987387 18101217768
367136468343 87168303991
940272129092 247903899247
251174027653 5688920535
937679173258 233895906491
163051898712 70981244156
283364992377 217359701551
174420171397 1226557480
244433352895 187310532432
6456899378 6204719224
235675013080 196350569764
179683154736 121674126963
352325189867 35613415430
856937232051 5122335277
206372876616 6825269302
931325843591 912714117923
807756875824 644049762661
368089433821 87309526789
272442622673 138233554503
440782181177 428271322351
167891814047 4882654499
553402605547 168792250275
178199491950 151103081161
537545624025 32481305059
320737434560 6186150406
551164186743 4178266282
833700018025 792235483790
449368845901 11271452353
819891714790 532883887663
306199550120 64845894051
853923403538 218309952785
873281765206 107637917432
814398451374 269861992233
893552128115 70704624788
847136761024 446806788690
929178530207 725818542385
516619964826 254336007043
78671317511 71576687259
146506979234 143109783017
413277096419 39538531509
968339716802 8615494261
868988241347 379331111662
339280675156 292112450408
742679016331 641636410478
616711367547 293265292164
238851745649 144858340589
355202729891 275421035782
32809344842 27184742136
304569960670 76761823217
238320506530 147480644409
899360953208 297390029389
126210903618 8241310055
289594334216 78393903675
911196923072 151290320072
493152029592 160363962705
828954515894 544450459191
40439952060 36455745422
242189196076 223301425480
815205563792 595939237669
446573163461 83422082071
356535991623 12773598942
826453089827 453086148960
801581479643 111083857165
977950300921 976769649378
162930295348 131125130791
921957872861 49579688330
826193108746 6373629978
581805517574 195280395964
517270438660 449725250325
51033366972 47238371901
432060839644 31775655477
518867492348 150032529239
705920746851 424100301256
198373363833 156336918619
497534553277 45268374357
341387746692 230821562870
571482011393 410109304846
360664296837 176225972570
906418846711 694217101234
352394035101 91025979421
846778235295 579898289695
694965545951 200705037976
800160001188 763113162293
479153663662 369653370230
957109439236 566874576953
980412929806 390215077471
737201951804 42019456199
828300468428 371464056486
861031260852 127369092816
895743945439 56770822320
490972492564 384241675661
201499318048 140056746407
244025802920 117993410745
59962427507 32292216114
913248270191 40511260363
461951898046 398114327738
275907235256 27522007783
106368365915 100602216373
441781065275 226442356412
41350915678 23246650947
917512571734 222269409054
481674893439 474036150275
402422957445 110888225295
561466346215 6954695229
400119298025 177207969095
696251717929 198121022964
553343089960 66619225350
763013242117 705041804202
457868178028 21760110701
36404070823 246862526
693189955898 134900503473
740589938731 314352660274
411856872940 145259771802
278734212451 235005474923
732131994918 617415778027
745870380510 51938317117
627927944817 346407005382
480537992761 445401676447
980865453368 209693325368
501748116494 430468382111
754968827259 413312415180
925977215192 104950146159
38296097862 2181200699
874371938688 590376586330
848418581624 330410992761
993775812564 409064097825
95382297313 75885275867
136493713351 33415286397
887660558718 814172456830
379094609080 194118187201
631923865073 448447491765
746178298011 171947857277
183516141811 136559884912
291945986071 123157690687
710885355919 204648241015
517407992485 433699787317
635398278905 616192721322
379122703085 217767017729
526252157989 431498796782
205892528717 169996279133
451241151695 28899584894
711757989443 516076612407
561783513202 167326576207
317853505106 277642305480
425288934525 348677603085
844593756039 35666783332
705494459400 579120598244
391135566673 182770983238
784643176407 396120605078
378987639196 280981794469
535152995690 434016790104
950315721402 825283504139
16892025401 16742326833
964442130301 69182590732
504742021355 4511444507
573042816039 328459939520
945020514759 823118838896
596966377967 87756629874
32563784934 3993340398
144795793827 33016034370
784279258645 540837839975
421552370596 54032986146
259537917886 83040625995
852971548583 259101547792
303362838985 57408217204
88595565274 78934913433
372864572661 242368807751
257045311092 55972782284
494166369233 435624414728
428862797427 67228980649
768428506305 44129004019
628652453144 330671860554
102810410787 41902389442
97221868266 58516077808
562393915625 474300866483
320179053579 65276044479
695569930262 542849564304
127375565490 62444616151
626026163910 482555118394
765632050395 593300518791
498937001849 77541297215
287428105421 132389830811
633211274666 183707430028
343121362006 158894623402
585949649168 226156094099
994193311439 850364373167
885360125844 520941155618
946608429010 382558055638
925651006917 689425455480
431769934681 160124962148
856651738689 221081025869
363294021613 106196173810
156435102255 126414647268
535939775516 406529347582
100041715436 99731789675
797616394804 171798148124
952679155200 168267973823
723095047273 93407924897
689234583054 352022183539
731261258649 553796847551
490020351980 243772381216
259079270162 145376064706
438614597549 24899834735
199709824381 92849294494
415154510619 108247205765
230199186579 57145663165
888594072640 875847133762
259991995882 64481608961
412926820233 52267824306
540528659342 329608377591
732406936715 124831263824
69658695372 26380888946
798798607392 187309606751
376071108150 329086428943
647960295412 288577439614
381902429974 13980979825
147814083876 10765321934
710290171594 604588700941
995080367543 428013273273
462580401025 140488723505
596469556325 571823277309
198812058315 107956435466
502582258804 202705815079
82881719458 14314699871
42906432526 26494920432
319684630713 132511477295
112552553890 5555372861
841606995946 47143644768
334969638775 240065381989
402668026086 17174453542
581870251230 304241172900
553580630048 7481371303
483395910454 252104239669
686422728408 679956784880
511392538882 433098676070
448244088339 249484911316
212593477504 32456893840
952355473076 29426042001
872950875422 474894479074
265711465325 233371948758
102779823367 43113860380
58611212554 32233518517
216677966660 14972811384
522400647828 28900623179
157158926890 98329987373
721588218367 22198219818
213305724609 34447452718
703050563264 238568154286
578748725687 22121258320
527509322127 67979089531
234345811952 23143051947
731189171180 350253732035
458828094476 402461293373
439968949873 73031493899
635030599663 498581198828
185456194720 119269871122
769490739940 94011435314
857360024681 656116665650
29056229531 9514995176
8590045462 704335338
500394870253 49170033035
723467233849 39332210951
333473814830 221926293384
8580342954 5437649645
612162392544 202273457323
984581479748 558955795623
883605330284 871880236441
536052890219 256937666297
427468900727 327795412197
941125362201 309045183976
862001010594 549944269085
498304400465 189778771653
458098550625 396359087691
518226149922 249012809517
272155967943 199901024417
421996668711 37208921582
735055218970 158036433037
642283455490 111633701038
142154743550 63448476081
103912079389 74603885233
11758541127 8486956976
895982563592 316557564098
866857186014 403072560670
54998968546 36280536921
856166678986 831331189880
992840387179 911482248060
713921845503 621398869986
957823464131 522578285488
356642458660 104042232526
242715538981 160281336430
810619310899 456676072078
648588022388 21017030257
868283540181 648634587259
618671890278 295874814156
345159176797 15778909856
743681117895 581573695952
75176932465 14946409403
620455581330 94451871415
595849077066 274474485153
476618551342 393029423481
679889709596 496465946417
853319840772 367573368258
60028657325 37047201377
699351797591 194898802021
786080509228 777578590545
265969227644 142235633955
316801182416 209612263374
69746534206 38860053176
821926923189 739469791947
799550790439 57985289405
882729770661 207866919787
245997679110 11407001503
735831519895 244307122810
434749288318 281420661798
187361645162 132446895547
699118478564 40759113306
722707919041 193055452490
713391127064 364762578901
320253339188 214427901703
208339183804 50999439757
860312624602 89167358219
606130791748 13866229112
389636205831 382034912231
175739171551 109982310397
624641800443 316745353461
652255284194 552433627790
371268607421 36093933208
607072235516 201097507881
672243435836 2177562531
873066398842 865450714564
411630359898 231634017496
404644168411 131981319631
810313964727 506175574191
440789812798 74329695912
455061926374 352372171736
88069292529 51688390808
94121224244 18329999668
692081973027 381586210914
776924813602 458949104275
433997748573 265293783679
396782024414 202628052787
136033429330 51871133720
516198805180 487091679961
567746312011 480031661954
156966732319 5195371255
276035453536 148889655918
732566921896 562681621632
545705475118 383367593540
27156374573 1977866843
996583716407 610665971470
722164550524 624441471243
187171942092 126395620739
997687454487 306200538348
126400228496 33514049151
161081810200 82371772898
643740928373 362648632222
496722377583 101031124410
183486897532 139038940941
31274914398 9254336507
495293140054 406483858137
732409748477 500009966054
288125579613 86664153585
179755837173 165717031627
465499030072 291964080790
648572762935 63829688148
338945563881 302837081661
118575849701 19309807729
283652546068 159888964020
316410384324 249567511328
759063004522 578327616967
139004377457 43514892207
572660927634 32125269736
744923192207 101249529769
72531888424 11125811132
618585686821 128349145307
596914586612 113139831358
329438749418 12007757498
286437698064 98746966644
780677207277 176770356298
643213543248 148353027640
715564852531 563441033337
709594404537 538953646255
617262121189 167139727188
55059625334 2970501334
498866753845 472036854693
445753584881 177976972288
580233302796 341691214181
83588953727 56689746166
837268634868 651008771451
803973385806 679863926043
279402008844 73474901030
449045577701 408567468324
461814059770 181415167601
286625642573 8962236718
8324872917 4312749459
782375211860 216479600229
457392055216 348879464113
698054247102 202856427230
864208220555 206227125479
70183215136 51596620222
79150414992 26575212115
851510143029 516166405604
244545610268 43478965571
863586347722 69577181519
569139107198 239498184955
594371774113 3627130484
476859897600 308437246914
415702160891 171629602414
727348270439 239766483567
641739180257 114900126926
402157787293 347825239730
904558029668 659829206391
569137578772 368741163714
622898849942 305231789152
984258513364 96999930140
409116130796 40202388359
297118623664 94182646386
922652065826 212019975968
947715137009 79199465830
658054189826 4574923120
652339854215 84731264255
838439170720 450182897690
338375619864 170684700656
