23 6
17 35
33 15
26 12
9 21
2 27
10 19
3 6
20 26
12 16
11 8
7 29
22 10
22 3
27 15
9 2
22 18
29 7
33 16
11 2
29 13
21 39
24 17
38 4
35 10
13 6
11 20
36 33
22 10
36 1
25 5
4 7
16 25
6 9
33 17
4 15
22 25
14 7
34 4
3 30
7 8
36 18
28 24
3 11
34 39
12 20
36 8
19 12
26 26
14 19
35 10
34 18
27 1
17 22
37 12
12 36
21 0
6 1
25 9
4 19
0 9
31 37
17 11
1 35
29 7
7 16
17 33
26 5
26 3
19 24
8 31
12 29
23 19
30 8
28 35
20 29
36 3
18 5
6 11
1 35
19 8
4 28
1 30
33 20
34 4
4 34
27 16
23 11
27 5
19 16
32 31
37 28
35 7
34 1
18 35
29 37
35 33
18 28
23 11
8 9
