630606175986557155
315768356809252140
386922937923280849
276702005677856248
1942514014246080
372209116199858124
59201963369528890
845066946280246452
758458423529733315
491575848946039426
677634913150612578
1778641879343173104
177388964965832732
981200890221774228
6615390796121612
898588108835495367
275697598785206580
21974123935815795
2846000763943630422
503555775336215000
1479014360412253056
38637386771903595
1123788575794672920
777742363526878988
556961653706789646
370460374576600868
80035710159009936
939010965130635024
55280629003496578
326884767903595875
811327857760733748
536883066770914275
15799796618846976
324911665300312965
190737141826422544
46761711556491932
2467469719559549016
275816398570283940
62855471212423950
45991483422876495
14110946592398320
23862804881132500
192493475656282184
369998437406727717
2326646619942369200
965664731595791632
701130707686164685
971121295340040418
2839242225331564
2321270764529065101
3985807312426558891
398429436543082640
145101894559978752
193441693257904608
179326253290811916
877373185128226450
121657901263237135
1439624052003928498
2694966044346075
645104891268085924
289916557302096120
30400383175500776
624489497799384515
1515661032920604780
617051791396062792
435863984655382800
312217181546361036
94510539985121568
727629929582697700
32336069970257075
688644866636951302
909181465545995252
27962242627725786
92927466499368930
1550055769161778560
1162104552711698448
156696941360531772
595295812232367372
18208005757973580
341821985742977036
101612031680494788
149094242184979479
170173349064991
720147281169307380
567528750370582084
236645136234952102
86678077330914544
194975686771159600
271238339499549971
187385473668557892
301275556405640960
265302576456963504
369667629759986272
2191023852696885728
2373623322189755460
1076533545102880030
33497999050464167
533937934606913796
7579379361913940
460839215406684408
956444303148209760
625723960931163360
451568018318146712
765283294202816856
487732669625199054
870864817285211640
115154186078309174
719559481630233444
123962856744457256
269393630939712279
179063200663160058
9026324695974804
28367423518670344
596012576545807070
1018046268505738194
254695997188446840
1926060992229897926
25349056532649936
279120615282416760
109360435328145495
788571275567484294
95310993222030092
25183193352685536
776277952975359240
7144385269790984
778253112909374274
354113382354751440
675117999690542430
315619055279641968
402364019072775712
80283609382238604
357165467350442460
231905321085960728
1577131183562493260
583568123679483886
259913805288201706
263662917620374820
143570532146234172
964258372852834931
41910848187488256
47046820205369112
1194181214777591040
15596038260821057
104192482649148168
1471375420930139283
2132135043852604500
389458938098706858
705562998638235584
74909935603114092
838152734207492160
469642622714266132
311479049954608230
32855300572203964
100013093299502988
449307808730895906
110643781804527157
18675727677763800
1158962444622614700
137345095610106944
2770165215772585756
1340094021884193348
263576350775583600
1105099450102021632
104532844568256159
12452668694212815
36248482197665680
730248442904805588
160502005232013266
280849238955906660
468226134420280526
1697125738191408796
38520743780170898
814819159795825380
6131681113081764
386942569977339575
580062086092771744
1206313915746470
55114055824151590
1844888142472247054
20635278485364144
341341378154906850
1239582760178544972
436293896816982378
409015796741912000
426140728792167714
103315282728622880
440902697187704718
55489862282126760
186804871304292360
239852337639912680
2216365100326044696
1983872204674265360
904351253200620
135352815973314330
49748887969682994
106985332031913180
877749017667491214
235666377378507384
18370582706682618
2922189910005518472
404819882301265200
170462878601821659
168743632688891936
3785381820284032929
593938461757398078
218468857372536672
281119043223253224
489005102473648014
285607691136508590
23486136689722392
212059641952104237
10176095853201730
103260052629413267
2212310792295736730
147616770986693775
813752772508731660
275393360486213255
814236451073135579
92757635329665215
944216464971364312
806229729106412064
735890601055426830
319037701699432994
62896466455294656
463945911132545688
334050015312741132
232489387376953434
265853200380234250
164629462919210016
766452975979122900
1300513788641350080
914148394535512612
25109602722256806
160644014223250250
223290355954474750
17100868005439050
252729451131851232
132245129664338229
1323716503073614428
85029184627782057
63389358959338240
98819515813815307
199634928665488734
173212838097868798
27975191213269920
259573422432589312
600061800819830580
262150727576251840
265372546715106441
702524248803564632
663044314714289392
121005654310336113
479466606221011192
7511694190972000
174748047812960841
622667462059512702
662946001237333102
116735143616028733
2634150717498167680
459547182680106582
1085745575281375535
100703290177146316
3050078055703009272
133791275778076350
54140191238490000
254687845277823774
1874203500651128944
215077572716024238
47133685878157224
421397023710186935
2457795852928451580
8421855481027861
116744956023537720
208415995709376424
1882363764672618240
24837630251907504
6215300329691824
3422478299745765
982072346613313200
203001728082577600
1680600264489371742
109756571933803618
1257985290303112949
9572436980546220
40888674514427721
535455023979331456
544388614558568850
48481013583282240
1510600671697420032
545709560422948125
238873209715031706
26496013854007574
253427120299705140
7054793510250661
588041102080512400
970773795419986614
694955375049518474
3043997169907335976
8523273149110290
110640277733782650
1200035884398588650
846317575937133708
1822900738594674435
136342751923775700
31522505454945230
576695423914001239
217623838056929419
1431708817559164552
90937556501373710
198470208168982269
7502797445238507
325021990185213904
656001892341343824
26596791056579072
541448912169752162
999566394233260560
914274650533055335
9357256406250
11941173845657910
709311948759485400
409871139530586231
772657059230004404
188440447924810432
10046973039816438
3384858440533036510
209654143812653026
96195936422863548
5789617273564208
2308653487252621100
368021518399944036
625077406186301700
8899467135723684
73893184728305592
3549709665984923130
57200566307105529
1005463446285329512
428958099728838420
129382568814885300
107696416699199256
833129631178500
321458990256822688
524300609870031995
1404728832760992470
7560576779691803
1607433719830058548
2142696183419586150
81757823438614284
810023797151370800
785925601559691264
2612184521586941123
584294994655224336
2021389845553894464
514587236114444718
11716629391511960
404062167950935936
74669331574853090
1342958981442258672
807102244981678680
360907399781323200
136992065347011680
486268824259875648
1865257393299815718
290975158280555770
1398082536053346776
71216615014619448
38028978148632823
444303792171224129
670624282828975794
179059058620596056
160133819677164828
166103390543986560
109975976293105024
317379699025160090
294673683248693622
75430825418232900
54063095188179756
640055474738408656
2032267252677662800
811338497486806447
718545476873717614
38765295139783974
574166792056841568
697013059402639435
406262042637129318
2859285275724946665
49851976962994926
1475460529400791868
274468588772238250
978475288217371296
153096326528797949
3221641835157600
180512966753462070
97514352384028880
108161928628802916
863451703224804364
262648671097395520
1043197110855524
12390716339009316
39103014746187720
772759682295294060
143622858637861490
1350017929600205616
373268638321118079
337516570940466771
69740578815782576
26516508242910497
455345484040179056
710889385619502824
1370851283594143500
37065780652651516
379790129875627263
1009113303055272984
65916644441130912
168196441027156857
366519007755807075
370054303536674390
301609554581888982
483016311142148880
1449937538133890752
712871432932752540
578664812512722380
1999228832692947234
571385342267425956
712809249617078533
526956782836553650
220069296942548364
67915707294241302
70126697824278732
2289802249341218885
137820526009277064
82644540702352720
708746267119599930
1658124523148482648
9844877004658360
239203458341888256
1193190462872996500
761031635230592257
484110314864601705
316373718625120706
2328779523101748600
968430381692033481
1079323273179036303
44840249712178056
2662730085493280
139512292736719266
49904097965579536
153812535681094863
112101905196591228
448948122725398750
92475495538559630
354145219559004080
178327483091938752
508553709830804946
389483724368361044
1053476608943418000
123773776371488310
126162162835716392
1948130787030880
2440264094753232
652537614223453434
813004216898188
522515825129971120
677663855050890837
166326830718087936
1496045473812743790
2339510327245702420
382123778113332
1356860095724226510
940394209551459040
10662295278424270
421250129989355550
1692870473905732440
124677605675545260
1264311034776292776
600844558211506275
78869377405615368
810433168253850028
9158548984772364
38162387881991840
119636337130432220
525971035101162690
696089828417904048
1584047247745101867
1082566704895247786
1520974387132382784
136717410838026840
131951124616715614
535603116470647932
412816939486666785
9848666528849353
273455017781054256
314213083032166972
1344417772313184848
1264737238823733540
2283544241413741530
172426594589151255
2799047792994383250
626660861090259442
149268698746986896
669970648275916191
58292987392670556
199100611344292508
2045449282666135344
728174718136890126
791540328179810867
357087490679225208
19509674498121808
1014642063629018280
245958536469075546
2469290552059320
993550372908597130
998732563887837800
525313501480729140
1658097542856709620
1884822211587674636
150279972550842600
60006183033265742
9538601883349250
933641755652556330
81096238524443910
1628655913109641856
470635564314014303
951955436318470984
1627270988392143040
425543268907932900
279776147664178460
1909207017001101352
492243916201486344
25059934680991524
182305183325941143
160320739389307256
247521447760016260
474620253011070960
547220182991696368
116269055562285440
1398673760116741948
488594515427232446
576471412919741701
410218798544914483
175431844477882300
527927158156848885
304357157651756386
59547431133083196
754733062203647760
30128467205287548
1446282570062449878
916797632744653968
1036710163509281387
934979486524099830
1729625975856613296
1232906402261511156
1978757463783586325
2253489007304504582
376384105893555032
73471962975470080
9470523191125584
384570146776107950
1674666897019648288
6272400496397760
1209990607777041945
2156431714286371830
226120758795654535
182767055169132486
469190377523133354
166334959689270480
608404753576817268
1455510957953932011
277053798019191552
39235646199053240
529935341647663875
1265792577445326000
2048184469823097586
76694421696286380
754837525645232904
1708886323637427246
462091484279446150
765383736131055840
390045855478608448
118083927489762971
787832340120261634
1433455326254357956
52505247385018090
112681533468487680
94288846865528120
410161781146346724
29920412188068594
382789018751954560
51322178545508200
403430878391010456
764735209718903759
2205772780558474855
269255521440493560
7451368141690147
19233425076435492
146268139818541548
1499699990936431494
326345635824337610
1333470211270530362
1051467081985336870
159762738321182072
118165381780014491
773932029460848000
643607558789047508
384204282583635180
780042748565562432
181281784106795796
21977788166773362
1074370261032994720
2104120836985777110
301930292590325839
27893022004716960
711033322783288089
622121732313082033
368719387594915680
1235552483531399328
6073805251176674
224724854131466256
1372825790648829950
912741182581857750
1784988440014472396
399937953261168674
14203104698135133
53255329365689600
47363994990050520
110518883881693430
66476927557888065
259032506945389072
622033565080449852
2758511072321360252
656575352523048504
393374389562452816
4131715610292624
299511563345490632
433096216340710540
89920969134157776
1234794316504329810
154271496613090336
257312078904431264
46167996122910754
354805420876141256
80341944210118548
639198893415855636
353021317281235176
924933023592030000
1056450680617836975
264112867848975646
16112357468093016
2036051163191815640
584280898430957368
2058105206063293056
77994627009201216
1817128809576191241
1609128615082867879
1205609863696974096
985874864786113050
13150506526758198
19656038403799680
1110428650782324996
1378966083770132307
144638533488212127
246457820227308032
1811058294199543200
22242415195144818
87564819479109606
173958370514305328
213141757530081600
362416243142696410
116313077924310784
367251065989297008
1192615329537478186
996702541171519941
494465499090504528
872447244692425402
8805026596917552
89667120238559500
31606448931291420
16575985823789600
482210133021698900
394435404891869603
1563010666947978498
20078524207697088
62666466704639568
223293647863463320
13456998861604770
509087795184059464
207812117930295456
566466832876592428
868897670066563984
414665961153918405
455326862176148710
9698860711348452
21779228767919082
143391884878701888
21638627728739733
569185062224565852
2382326011234438020
34250220747340120
1100392589673657712
124489101730703720
207843495848622414
653599782776809969
264364866283508352
53637505541519969
69278569342416500
159197760155195706
47538833397390144
2566800466037730
698849634273219030
6147039266802884
150159295269438
22772413620465000
44483377381602520
290954250036901620
1088683331092322400
267815116471664448
10233187177883520
357690849359142744
992958035158520648
327577277142585030
1500558874815302588
249249706610186214
556351671130180596
44568996627727608
119665105009155660
228706069847017098
636395456401995456
2538049056866778
4419194488690160610
1000608067707256428
851281285929877800
754596619330631191
38358223905196384
1013957929012450224
169791634915002240
391808445935240752
1123242974095633006
35600357689620500
1086678261016613810
2249831132536375564
154754660624323104
376663655429773618
1562559000169733524
4812893212443548
1997730654997665635
195691582335306024
222312186654642000
214633843335525402
659474520340608214
172707014984840144
72357920392104960
22922702754757650
187989744212477312
2075060519134486554
10429192796765940
374409966240150204
58858590911178240
15478064698562802
142477677825451290
21469357436019232
74259423485050599
192636664023248500
1327158829230365165
278847020481674510
256858112659878251
306014288939052
459484805484506600
131609081185574320
586480058447723470
989233995527642960
53345153658882375
43131391264014399
6794473301636592
64186801039520780
664590238391200
148813228399436640
487958607755135433
1319040311668210989
12626435444929788
2090721250267700414
356072906993067096
510367224069499830
291588084684881040
215722656477816
622392201148221682
1603985185411067900
498400517602782672
381346306858559805
165952163698065182
818641759804033667
3564068056267197459
3149466588425420716
230243063647364992
88559376064703664
174381566121110844
130081496207625105
879093275351888520
169779737144385054
162209422708041280
247459017140668832
129821080939123860
806417148644426880
11202843125520684
610125899162745908
2473178035846674292
411067119922011270
188379367642493004
61415471312879880
1179572733915090680
5478410748183984
67018156295022400
373694058767180556
364949477164030212
7890927566448180
19413266881732218
1027756941724833469
142417425949418096
373242225951544656
593358486495162654
18793729248116850
508435710381231858
1802864327257632072
25321964926064537
31019188631625264
126760298832678450
1353600586081003787
294559531117020344
365239330305394886
643172626816452525
567512319551956665
1972469698173469
1422852397927118429
758316322216154100
47130675289863630
1898481024560948476
340660919138202495
126038012523243645
996210927050530030
7736436808757900
1192295887461216
549578936939203710
763473924757705889
1656305659767680130
1355469020466490872
213249824559058842
39306766387750434
700757589797906688
856892733390321684
601608558218406336
31367115077064368
1282684595587320280
617957538856391274
437857536480890250
965104116357018050
41752608948456484
137868216054919308
752312994070826010
119365878048176228
996272595298588512
63428863652717600
785940669579361600
297865684262750784
65070071571064367
1149848736879046512
1324932857003309104
33936173181272526
139683530653945344
265315152290458948
1060127000405709612
36458861620213728
71687383764763668
107296049790692036
164012959313467974
454814773338374280
1855897900051784908
520725973763115549
193840448296614656
1343469879181317681
887497028076297438
1271525175390023928
1664838452295199116
17907419582713562
2498521310393818974
381359313099739555
92038759061049216
47172374032133568
469280866783506360
141712255362850920
9874696755028925
73985144991444056
863295728427104
29271579901770536
69313929377302523
72377257373536192
1621238985043258196
998042432944297500
844839111349177560
304614955676915310
351429738246561652
665353401695230480
48000089725151564
178071286369545808
242704452109645960
228392668204047360
34001479971968980
1238149634772764939
373276596324184960
2842467283606186656
959290001036100
1350735806051915200
2488968403893845640
618692510270888840
156932681377710464
290103389566564038
1104341557346781801
285013767260989422
1216326583212482747
437921042815825462
80683591849664411
304044530355347652
398359505411412480
1812392403500397676
69716696841818260
1171449221292083664
483476680154143125
476092454226570656
1280585313301252995
4935623745663336
582190122933919240
1411145988156615546
191667689006380778
165809957100697814
2228217900161814840
3131355287181365472
160928848971902514
269468488335700764
402416744308564725
54129575165863626
19549190183825890
54979043603940560
327154704826169948
928133883179681337
37430952716121471
901987981301930340
480770128699706538
30840974486705740
6226898073555060
2009626808355636468
54032441458494015
142891427965330624
174282000132922192
872745604351798244
1357777556366368905
12910176019232394
89146701649342680
470507262691625964
246588345736602291
324011535848681880
446043316221977760
34083016835244300
1867578772416889840
851269716711747480
494289209449143055
615308385325916440
688383782336268612
1128590635303439544
2514602705813542813
1289123286535951832
1906421098272931210
463575322554258127
1677107201658562742
365329756040031594
1804392187302227625
240082119226210234
671915450673488528
1099902520148482710
1254647574655555311
505783560127781271
13154854910403676
180961104813042540
3422097906579450
76359476016667120
332492929096192686
293560304878679626
6806030465456232
190398246924614520
206186492915334864
412131537159593433
247982131461925164
134698726436461524
246055296551524200
437946487293786306
586121910789354480
110537337987251214
83216344371128320
227432920751527978
1022923992180336540
1379080190491309830
45803394238788884
1368919740288611308
2765719803584764325
114982578852265798
5046752817887043
167742481710439916
1471666005399623232
43562894636310540
21504584367182496
1626578351089986210
1660609388130591448
375337165381374520
124632920100184496
20473822565598864
74717972402365350
237306399449945715
7895850043395095
100906699444829208
64942961648585832
178264904990331599
1483329302324984400
1138000572484603802
86325899719425635
119751915242774880
18781627465838853
14938299454100272
207353500278215379
94864383549360852
264675755978498540
124530496869892608
52759044085352460
186501618779365170
592867991324797056
118678205570283000
281580399162797706
950435535504913367
89379405213571704
5663960605348200
474266682979098720
717416712811703370
43491386205570330
138004922064855790
14366052924411342
573197368071009492
467763678505296000
776017030782026754
1998040763725178400
23460711789547704
739613512628667352
952116811989698214
1433500602506083968
699614061095576940
1492321637200494489
278353014482085400
233340966365027458
4773971294143516
1724861404392147263
713838384281948339
355488064280744006
213626884673852056
3097054633579640
208867531128210300
262149850741207352
502502481701968188
258897009780504018
19484714029706276
12524858285170140
2273150828871454224
1129515517770579236
106434098305026800
2033133705641639820
2045829351942273535
10290289010345540
2867745454149524438
1249559120954540088
150189919313014528
244662435327081564
2726542132864151
164666068648143852
537412882495013294
1744097637084873987
2629220086590638460
24799943927830860
224986860624444740
56869307114640480
870600270582638092
246935264296391505
1532412732607328914
71452433847824544
611086271010333529
224190818867041929
4636122713006581
42228226463717718
4587770708558842
62196102523118928
166808098743501963
294527775226466610
35902482518773324
2073368131759534918
20183951878043850
153699184549993920
58698492149958759
448475532008948304
1514575758494146962
1176264084035540178
147729048533150142
1320410023822967436
18637749706348826
1146275559229433458
1698996376000444320
498174797660068800
580170341973156090
666344005267015520
27766465210811745
339854646030921901
245017686702255598
15389868275098872
316946387876871236
28601514262902740
524684331278048361
126818348939263584
162911785287374552
575109833906596533
196483927701064560
28582456080973413
321100169017236752
1681359845067202690
1142467128648499550
1068942575533350745
114207346666561896
90568778149616316
928538915916929880
36105928665430825
2289292594286840276
2210484626459804864
412162198517907036
35630066548638219
1014315367296047991
101909266857907443
377404113424664718
129688775496548646
47148291996361872
230398470938551992
411670447515667050
115046816809854930
58786126849814364
134050476980605815
599729969130732510
286296118172075216
865964541495196374
1402475904002789040
1544103144965934384
63239777013898720
277288141183295814
875203232440541760
566238356626650240
30365627235124590
2200968953938227330
228941468943478748
1546221785376495446
273685838162417466
411613749118238720
460460079610591326
978744426966316866
84111632780350264
2165828391133214472
97387185005049501
44854480636459032
188971563929545100
409880980037859393
145265949115205940
1585566245320325072
121466515457740200
547514963334321136
96098684945100268
665900097186950348
858549315428511564
195308122992388056
658163833134361096
382073934510134144
5653483258557340
1235020652260931768
3802053225379272
16501536210274806
184748648807053686
2109510188551666125
1488964072632312276
704921938631763084
5216060270542043
61981062131614500
317341450591765170
553073182389393393
2153270530329588848
111163517407276211
7391366952261798
2642976586061481344
9799792526981904
431740164630376260
98168053108640298
741181390741297846
1309952698983118408
32979423189559717
375619515513940814
15938175978111916
338130882083045724
7172218405072412
8221874537697475
28095375082717986
12637676240952872
26855830191614487
37587632573744811
13192993669917792
225140429768200050
384677880809710068
803356255979250
68924425167365076
423838784164351780
240463361317438420
478717187125200380
459989168432235380
16199437786410555
2503884332110673
6351636849576690
39760661114469900
312590819923714492
8461238901932362
523121696579738232
1192038912626582013
1944109128884150254
605591000173627716
3483918157117500
14775476911210494
800676193869843395
1942826964080780244
1922288765591228736
170521479223474050
534137622307779060
437010143145560649
2160338612924799166
1597166408676365472
115262290521433440
3804389391954250
121085207172769840
83116052588565661
473616865646155242
899979165865847231
1075919018052850056
924229295627963052
140799925318739841
172532787751359678
916714905259192852
1641485460548892430
89351755859458296
170018829562437528
421562107526927784
1485048757715451144
785063171363793150
716925442467831480
363971106671974620
156403012105199475
1117375105931343168
973702814430192
187805115462664232
46793736619339974
59197316918205744
78616673995756177
130921609617890346
1398403436785530201
97428628564061355
106560459638835180
1647751741577519395
197630456734542536
413373752944065080
723597889659253470
160986068525078236
271321425478532607
27236529204876792
1350217676923763052
2944928505786084
73743443349893465
1460153935188356100
387512409468952728
194821099697701088
631804185928857711
476812753029731524
2509894740774111195
2617248211683280860
379759966835006482
2715269425150338292
284137699069827386
191327735520690372
118280779471102619
738160672127606607
1040988724191896755
1454311837966138690
511001751775899188
398370293338410120
426321398737562895
2951064300817785240
15889662663939728
2081574569712795510
568874452764214968
440729407617854004
31709642108660144
1279460769751730696
186356855992855160
620440330537697879
659843355173588157
904531982241909920
1369308735964074330
243282336553774848
285722393936197588
558308979176570717
1673315128172424030
429129766678762572
679036612671340
262003127222079840
498314688496351684
114866497998015543
30390302803188636
1597976180640589230
459418977601999560
674880606229055709
257265123966742360
403816206810931650
1224571303386391338
652246470939837994
154125784901688210
155413162362575520
237617150568249870
52734000507947088
948317365577118264
93149537246331816
2094441924897656301
883796790506342790
117448281905953152
704233925925787140
46715594661583560
1836752164130206950
2025483099248585934
351215004714341788
131732293012788576
184885290946475232
518590531532694439
1613572677627987522
489806295999012933
406149889291440
1745307584500972492
76242648817971000
68762042290924371
32571265030036882
287747002564726124
671994753783263988
56358221978872800
220609288987691688
456290688824881946
869213493836802360
3116684680976356320
313928527939213240
91018764310325322
1323188381022272
1530756595806260940
955719524622391680
2861268269478348774
316466796163786100
622650219290058240
108496616634916092
109710772445427928
53806680550140336
787563084098480644
20299164645777840
249873647349861120
73282184191613046
272814444594979672
192605172588129344
2466650309374628055
828812667784984421
570648702707865920
355959109124528040
1582427703428576550
27805099419517884
375941597203533168
578720463042357186
1370939994290207112
830205726765971832
54872987253204330
24357167704158006
2927420939335754200
1947352339569089500
195483863314563516
1403320529661980840
1970067015130171120
960018501735815880
453536646452676288
755957321795074992
34395666149803176
279598492935754548
115179059784636516
183126665861114108
141651267649660912
863222082967665344
31576699964390100
1004907969105371940
161847691401346526
1259250656166647136
41747310526560822
580265258683729205
199564163480125838
653321743406195695
1103090135208429270
53517398445885080
487014712059620080
140337446616664253
77999701458326564
328590062315052144
98688045621410880
1663849969309280100
63959958954241350
697108121499612568
4586663886088560
990999669270883215
175032753824975200
334766448158254234
34566449314904661
671994617512847160
388500704148169068
403964829857412975
467694499028824541
759749542800794128
123713883399616048
326691145053177552
1326570216856900942
657896866960538108
128601651186172032
608871249028685502
539641643271609156
110847989529293184
805070661766339820
307041895600398
700139063280282060
243570716235574164
50761529299733931
92252335475359488
820093602130029810
297757881337433082
55347768702145557
699862276367315834
59839012666144176
305316101845453557
20779587953732007
34903863899102640
92741252156271360
738855291950766914
71537192760698006
315368000788863852
244773207356020416
440054985985396092
159609160784721846
461887240089368470
644716632191293656
207832060820113824
47219086747447428
26055935712363823
358067802630183316
1479610838958220332
470332283425722954
448439697914575616
914982448515491020
2631485991999121640
426910159750649415
182305526451467562
487469082156696755
123857249924100888
2388122800977609196
795716879380763622
327153832724680500
695452755196050129
111657534162455835
1083523580396160540
1737109617120965100
2684890740000734946
775718814503011175
126499827195786114
13173661593171112
1677040010957857836
401038938047477688
367642052392343344
19883679688157820
973463841484668261
789845498001480921
1218771901462930760
2072433188909083136
8205033448489350
2081198775520211624
64656203638786600
1603448096981640
186028440616026750
5864042515324422
2550888015041427880
598807278839060368
102468728605725750
72754049190746822
174736304080943514
2114329909829555340
5322220527313426
276140159134928268
1443636963573603480
299283315248754824
1443466768381584850
149391746306288640
172509479575694052
440459871929595770
460427554306548960
165671593298412831
74861613148014161
638180562801053250
5604043908605728
9807749594976608
1028480251842438794
47093895813226626
241762814481398112
70925614519221924
2597531747648266392
57004291058157527
1200713805782095968
1540163382295099107
102422024797254712
242301922298676352
782660926368719664
24815296727070486
41438725782062112
317460862573591380
814436580927778776
1057457032181475429
272318388205261156
122741582729746215
51464764581496674
65042537452175360
81038516797216350
220024561077851642
760075396068876350
495565348492875333
9293419061730288
77039153711431752
179303648554500096
60117097098943005
437366712326081489
1332775262352090
75663066714729912
79027319324486241
254822652364227948
828822522001248990
338888547227197800
12920422296558744
406964131837728042
393268042217380440
810197772929433248
363086404920507384
647377310468840224
1174006306955165788
271953571024070310
251520532087552546
1010835278837824920
1120907288261683251
378918749157039208
990515333423178120
262245855730850373
336105533170953900
152314493685465320
368493862579340693
599671672471958208
199500609696061856
2600117836969874
11379792714579882
110099184510630624
40339668470952900
216460784981090292
85173498665730531
430817247354363410
1668407121640161400
1342298249971198884
344112006190252612
87561391584255568
2490310158335760832
17906471602196
619831125900741450
319336953008121892
1814634415545739836
692020481422728840
74779586183658096
328775091434288370
65869982894904416
1088226902502806612
24699609161926798
574058583430393410
24853657314716202
2772341109741099376
57765553921372650
16082461754130900
233150562768039235
457709811644845338
90826166473221080
80461384727021856
275002165350279668
184598847715787320
115356954465667736
125654957592484050
334047757923363442
438477069501627928
656877515497526643
23316371275321710
22850973785959212
940708191981507092
197235583271304039
109650270987826800
16796143348114550
716098924195730879
572908086349521060
41218945249940118
1433123699543400256
167518301022035529
254800469480821848
724237661307786318
205416105603020760
11380235861966556
325303164823807
907780829442768320
1932883599044771544
514244923771309584
67053455710103335
189764885702252472
712597127827152000
547963621425373440
931640431967567348
1332434902368633732
1379976360362210376
4743030144811998
601954341776820306
144072567787003520
907871073485315880
12149922440210466
751877792996242264
1705532888316851272
32428701591892067
250523099618348865
1171598156381738500
264645230779327884
770603696517751546
120166183175433384
63276589256455960
26710092977025824
60396025471123680
606272133575803200
741312840138949832
3209456497969088700
185929452668671600
185446140595377963
186796767327039900
513211956807962880
306880142277958760
134255633873511816
5463867242488764
484409289372864875
278345132592513760
225498277632030822
1104834285693524680
495493036100165915
727832810761548768
823691258985169536
1132225747259784000
156886971876139804
1589764522954161672
446584676588363216
398826833356437740
17939464603741728
276118016628224344
128711584846338900
449460193734623816
305052752155196868
404327665136547838
111768852261543770
11855272043895588
106342835992202250
547740728180556120
50152513772015940
105101466595473288
762593112116168246
59050419248756082
26889529870011250
409761314297429040
990524014953527736
67813211869071837
1024206506445631496
610214899800161224
1266616391618013464
1596142974766118856
272427722845166772
1878344324527230960
133701089475572882
52808300460754228
1944867985765795584
1794330403066067922
103268954812422720
1999829004699373580
2037792095605516068
425180075483352280
452485238853213000
298675748568453220
1114834088851504560
129767591326729320
398700161052419184
51660646376204320
1605000305088939600
1204294381737603328
2572754473379654906
472467078818444559
1903137892468301160
161274093322437822
785118578575279033
134634876373506432
1520443728061442344
66095127787383420
380581604228521108
727359058388606358
221695050344937156
402691343207221685
813884748171578316
722789839813048410
2198557969682176376
2332647033666348
77450337730631328
469882456003453584
223443596084392704
3498183456948537054
132393422036972061
121759494790882522
1194964145319833440
121330620154717792
906890138747602328
1137484901748539880
333550584801283464
24835086981858816
45770608166580
275061520735866822
41029012340727480
730970454106889118
144677356754448507
26628610246512384
195874900289280540
369578681047835280
125009194765981680
234656420505012
687759059494312512
376447291518132660
364555332203024706
153775340911185372
826875753247086612
41580268682483520
1126212394057828000
302784529248871254
83340227278227200
990060962902857040
1149341207312447094
495508585909777280
922884231335417118
613100848522924216
108743711263289420
214845802581107299
110835164096748058
936094141139573550
71058190200518160
477251389411635966
239005398410181780
560894655404634880
221240990949674540
33608412177103176
1167114228498110654
204562671528059730
38508249724231815
757433596715171080
889618016852817048
882345665099034380
219966656123604400
1450280971528032416
267024970415964592
502517585649222
197678822830116150
1782376547307176868
10545182903385790
1505124694436304352
1661590287851838102
89019232160819196
64250702953255392
28990885437198336
66727387122377820
19920296267834332
3210088310547840
1890738672645143874
1366497743382805152
907241647492663978
1142393528540087529
2064868782580182446
518983193407709520
53689055042869612
274128897358788840
486022975474150920
841253231760084288
655894742156989721
478823820996674985
1144638720697204764
1093095312531525900
1862423990557208065
536050071902599735
1252743567751559895
502778464236492246
58590084783431488
140469362931365280
406870203154613465
75858512103196516
441229153160064536
537651083788437861
440602462213391392
54864530652703200
1427076346678107336
2159231281014734880
280454772990421535
1654197296070638536
1282308485953041344
24373423762311840
110227098705308740
811767373809560
254704750857523960
63307094531992294
65223476423606607
2354657298243805730
162677440009161260
28335176136162216
128433359959193058
7208480319914796
164908421245812000
1010318664794387584
3331801898785092664
922603284905424
644847552809637796
559988728919731031
406748086975766872
5753469927559800
2339041491892574520
145123003538491932
3265467696903099
29766008864215218
20634861536897998
2119892374054166452
1847387734181639230
291642229295781428
11003340192002704
219628252651003200
89271098898316608
3033380798287965312
2200119692575294800
140401495670390127
961521318242847802
73966739627488
304923820485491640
599056696766084088
147508154906049996
532718293173011072
642116842321752
197955820561527000
247418345534785673
35248959599164190
313549797992331474
52106644436420800
287680963300496608
1782126955001382000
353213034719672960
8106390608243200
55416063766926356
28249715849773176
2821026212999667504
517812980402145000
1600200498762439622
391586814641245680
1416895273117522800
921361359897902880
38561754123426082
2924495279894749200
605477654017160234
252805053785605826
830579519501846829
491232681794573940
1283553477134219452
378690781323009400
95226876076152860
1235506717296939510
84624175916606808
517292683297685415
3962618963425650
138988990164213189
315465715453826520
341490641220946368
230820270879478956
78894638737821224
2558610766862009816
972996099381803098
1029197415965734400
100592730796513617
2217037941449057778
24502913680798485
97399638137916936
449434234714400
230785923089910605
182078703916159860
295096298030604762
205322546491513152
62400308218421880
513799295981072512
85103107483753525
58962120324365245
569998572958134710
760721003806275472
9893461051261590
190946861057557230
70677970578103680
403020333988007131
439075879311705120
158398743068691320
2683443086993626122
126786047129363670
929491763665621900
187471276359379875
26911523131433802
174168929539358154
161091138742464
25464513929035872
2027434301340272000
9473955153738780
471877652038336370
185999028748057136
88105404143261756
1037646828414411600
687796451952204980
1210005642234580572
135021971717516430
1833583582935078326
753732313121604498
280433301549336840
1445601480130267000
352846076278701720
278442969779828328
438585600144492970
30073716164159296
785246718949568010
688681548609624416
2850430108287668202
376572548265452672
690151306697604867
1826877301639136250
240464594244934906
109788123192969286
902856386817613827
120985916145844436
22879364792754786
3062452795524258580
103907065764718124
173258798848466576
277410093520344512
257615325833691555
300796277140190930
925449607367766300
115513105093419474
574878175557505200
857908498642740
63748405951560636
16381572110021294
1166993504774043414
1628821285410761440
105187566576439657
3410030488612918032
411340925486017879
1016848340827811412
1772641332803571660
346155799993923413
1144257539053420956
8860010519136160
287836104220374150
33471046414305480
2676128242196524818
8070047158762130
19432070757092640
100391280814647228
47780084344608616
73439648839613472
963485427323392080
220669888023373518
2850395104555785325
204589718092763520
257764655409033972
997615329197285302
477924497571500612
837014071751451222
254774047533143688
324040411361532408
