1000
17 81 100
85 55 91
10 33 33
58 90 100
65 46 89
55 83 24
85 86 56
28 95 98
79 29 41
98 23 27
84 63 8
42 8 52
88 56 9
90 14 81
70 57 74
31 80 31
23 70 19
47 27 41
58 63 62
92 7 98
64 88 26
47 66 68
25 69 7
6 90 18
76 70 22
82 86 16
100 55 38
14 78 60
92 31 9
91 63 31
100 97 2
40 79 88
41 31 52
72 73 82
20 24 95
99 91 5
34 72 75
65 77 35
6 97 77
57 59 38
2 77 57
58 36 22
46 69 58
68 88 23
10 33 56
25 47 39
23 7 39
6 33 77
94 30 67
29 2 60
31 37 19
34 72 48
7 54 41
84 53 47
55 71 46
7 84 93
43 72 63
41 97 37
51 37 95
23 60 91
19 54 59
26 91 40
62 67 78
68 94 26
78 31 43
15 48 19
56 56 52
15 29 66
75 31 59
28 1 34
66 17 16
60 100 78
75 12 4
27 39 58
52 71 98
31 8 81
28 2 36
38 100 15
78 53 78
34 68 35
35 35 60
82 77 39
2 94 46
39 62 18
71 87 7
21 63 84
32 68 96
16 54 82
89 84 47
23 100 5
89 74 71
44 4 23
85 2 99
9 10 84
44 88 41
22 54 16
37 62 67
3 38 18
19 15 33
16 81 80
92 40 17
87 15 84
90 48 65
23 36 86
46 71 15
67 95 83
20 60 75
51 26 61
37 3 58
91 2 11
12 65 66
57 85 91
15 81 62
81 88 84
35 71 80
34 27 91
30 5 25
7 29 86
44 62 13
50 69 97
60 2 68
32 98 7
35 22 38
48 100 7
70 59 36
77 97 48
90 69 64
98 96 13
70 15 34
79 88 11
61 65 100
20 2 14
67 12 75
63 75 34
7 72 10
11 99 92
10 87 38
51 32 31
22 4 96
59 89 41
85 7 21
36 67 58
59 72 79
39 39 55
76 27 10
20 56 46
13 98 74
78 56 13
36 41 40
8 67 44
20 41 6
51 65 58
73 4 82
41 85 26
9 67 78
74 32 16
99 97 98
69 44 38
68 85 59
85 84 21
17 36 76
16 5 23
0 39 48
41 48 10
10 67 92
98 6 75
82 45 77
33 70 76
30 74 67
86 41 9
64 25 83
64 38 29
17 78 67
20 14 88
79 8 72
6 57 10
30 5 55
70 93 6
73 29 39
91 22 82
81 3 94
69 11 77
17 8 18
59 75 48
47 71 80
0 57 27
23 65 87
87 66 72
59 78 24
55 94 47
67 73 45
11 60 98
98 85 38
57 75 18
50 36 93
91 2 12
24 29 11
94 41 86
53 46 81
55 37 9
7 13 96
35 87 31
71 59 9
98 100 65
52 71 59
75 18 61
57 71 100
100 31 11
97 87 65
82 98 10
4 62 87
82 28 71
13 78 5
93 73 87
82 32 14
72 84 72
42 25 39
66 26 38
46 25 23
18 89 10
54 72 3
13 28 46
76 78 55
16 15 64
18 13 17
53 48 96
78 3 72
7 33 36
54 36 40
33 20 79
83 12 56
84 30 23
28 88 81
17 32 44
56 48 75
24 57 9
73 7 6
25 74 22
67 45 63
45 58 33
22 42 25
77 46 25
48 77 79
7 38 80
12 39 71
21 1 14
45 4 63
82 2 69
26 63 84
13 63 44
100 89 96
57 87 8
14 60 30
91 5 25
99 60 89
69 96 3
74 73 98
58 99 46
80 66 44
78 84 95
42 93 80
40 58 61
66 20 11
26 2 42
78 100 69
91 9 77
70 35 42
57 64 92
78 12 26
30 15 68
79 6 20
79 40 83
0 55 55
16 97 9
84 79 48
91 48 60
78 13 34
3 22 39
36 22 35
43 24 79
95 24 55
87 70 20
2 100 54
100 74 54
64 76 28
81 64 71
8 92 17
85 71 33
7 68 97
1 28 70
61 34 14
0 32 79
41 98 74
94 20 21
91 77 4
50 91 58
47 92 81
79 94 60
48 55 54
38 31 43
49 73 97
23 74 80
61 38 36
47 88 70
73 91 41
22 61 99
99 41 62
30 65 81
18 57 73
60 5 38
25 68 86
100 91 42
86 25 64
38 55 3
68 13 87
82 55 91
49 34 10
42 4 54
22 2 57
68 31 60
56 87 92
75 2 67
8 34 45
57 76 70
48 69 67
52 91 16
1 90 31
64 82 82
61 55 7
6 26 84
80 60 28
33 34 86
32 43 54
24 57 38
98 55 70
84 24 17
60 81 83
91 2 82
66 68 37
35 57 4
94 13 95
30 83 16
37 13 100
42 67 86
77 21 90
25 23 43
16 74 2
30 25 5
10 86 69
32 10 75
29 21 89
71 75 25
21 53 4
49 37 81
0 99 43
34 10 100
46 54 18
75 40 70
65 89 98
90 78 19
77 23 24
87 57 12
48 52 2
48 64 69
31 9 89
1 7 59
12 24 3
75 46 17
67 5 11
71 52 15
37 77 96
60 83 20
83 45 78
7 34 65
41 87 80
97 7 12
30 9 85
87 22 56
10 19 4
0 34 29
39 12 84
13 55 55
45 54 78
44 27 57
55 68 37
43 54 4
72 21 28
97 14 17
26 54 1
1 23 28
84 58 56
44 68 69
53 85 73
49 42 78
95 52 21
19 80 12
76 58 19
38 27 52
86 75 33
100 89 76
22 20 89
46 100 80
9 70 2
29 90 66
98 28 93
41 97 68
81 64 70
82 47 30
84 40 70
75 56 53
99 92 60
19 8 1
8 88 1
36 32 85
67 43 20
14 72 37
31 20 6
98 42 24
79 26 26
74 98 45
73 94 6
100 31 47
52 33 14
0 42 24
77 28 9
25 55 35
85 12 5
53 61 85
67 60 99
67 54 42
45 70 62
12 33 57
88 5 55
57 66 7
57 27 68
41 88 72
47 88 38
73 94 45
21 52 78
75 83 75
7 52 70
90 76 61
10 34 82
95 23 15
55 36 81
81 16 88
41 62 75
38 6 39
76 86 17
93 68 55
96 2 72
13 21 19
82 87 30
100 64 45
74 3 72
49 22 17
83 41 63
19 23 85
83 77 15
14 63 94
16 11 38
10 37 85
51 16 84
82 93 96
1 45 6
76 85 40
6 74 32
91 96 80
35 9 73
83 56 97
76 10 62
52 29 5
15 73 20
44 60 67
32 77 66
39 72 57
84 74 99
84 75 56
39 68 89
33 36 11
29 81 85
100 6 94
26 57 61
14 19 22
100 84 72
100 84 31
44 52 32
84 98 25
65 18 82
53 22 1
52 68 11
6 12 13
51 72 5
54 98 4
78 92 39
49 86 5
25 93 2
7 95 21
72 36 27
72 17 12
28 95 81
47 85 3
76 41 73
13 99 9
35 68 35
41 35 64
17 26 74
58 20 9
17 53 33
96 67 6
79 37 2
33 24 78
43 30 26
78 28 15
75 97 39
58 91 89
67 77 35
28 81 52
3 40 45
53 90 67
18 28 91
13 68 39
58 20 22
98 85 64
4 84 60
10 55 4
37 21 1
77 76 20
42 67 14
100 9 27
52 36 12
78 22 46
40 29 7
34 59 57
57 28 81
96 46 59
100 98 41
28 9 52
25 63 58
91 59 33
80 80 99
59 30 95
37 29 63
36 54 38
56 57 34
21 60 67
1 54 73
36 87 6
81 38 43
12 72 15
80 53 38
41 32 82
98 38 32
28 43 83
51 76 26
21 84 62
20 46 63
17 73 94
54 13 86
82 47 46
9 100 8
79 67 41
47 53 21
86 89 75
83 88 33
51 82 15
77 88 1
60 29 94
5 20 37
55 82 21
65 91 93
13 45 52
4 99 34
99 8 69
33 6 28
81 8 37
24 98 37
100 1 1
44 5 97
87 37 39
100 61 33
88 98 52
54 99 95
3 82 67
81 58 33
51 61 55
5 77 3
66 92 12
87 63 16
95 33 26
21 17 22
27 86 68
100 91 18
21 94 36
6 74 68
6 36 66
98 39 27
85 16 71
63 42 23
55 55 17
38 8 35
24 26 19
56 6 32
30 60 84
62 17 11
48 62 3
47 66 45
67 14 93
65 83 43
100 39 9
89 48 39
81 13 32
24 1 68
70 67 75
5 21 40
99 95 91
95 44 79
11 69 57
73 81 87
17 63 22
98 22 42
52 37 89
77 41 62
39 81 80
56 65 95
94 62 11
34 29 37
98 69 74
13 94 70
88 76 98
4 38 5
67 89 59
0 65 91
52 79 8
54 84 33
19 90 69
98 31 67
68 23 60
31 86 25
29 75 87
95 62 96
40 47 81
59 31 96
84 95 42
5 4 81
86 54 55
17 43 82
45 38 11
85 67 94
31 32 20
49 35 2
85 85 34
55 48 15
15 100 82
93 91 57
41 9 44
18 69 54
52 23 15
76 87 22
25 54 15
52 60 75
97 10 91
37 56 98
87 93 35
93 85 66
8 61 41
77 65 16
57 38 52
43 44 59
51 66 33
50 22 39
8 87 8
99 70 86
2 1 3
17 69 21
97 83 99
100 26 16
1 12 64
8 44 91
29 71 99
88 7 40
87 20 40
59 83 100
4 64 27
12 7 78
93 26 48
57 14 13
8 78 93
98 83 39
43 41 16
60 52 78
4 45 66
8 20 80
14 58 26
11 97 8
100 70 91
87 37 94
97 81 53
95 59 36
42 35 78
47 32 85
5 85 97
37 24 17
78 71 68
69 39 59
67 53 15
18 75 3
34 14 7
4 64 60
13 15 75
95 53 33
96 100 18
26 7 46
99 99 99
6 56 93
80 94 17
74 86 67
23 66 83
100 90 10
58 86 97
59 8 29
74 13 7
28 100 1
79 31 94
94 54 91
89 41 20
77 89 75
14 98 61
41 58 27
68 6 13
25 40 82
42 33 8
63 90 6
72 9 77
56 30 6
37 33 18
16 66 96
54 83 44
16 66 92
38 73 58
63 5 13
17 89 70
74 35 91
38 4 40
61 18 70
36 64 15
23 68 11
52 10 20
37 73 10
100 6 31
12 98 95
44 31 91
21 28 21
60 34 72
97 24 78
91 47 20
23 7 57
75 23 60
70 70 72
43 99 74
80 33 25
44 7 12
6 68 91
62 18 5
11 45 87
46 38 10
7 13 7
26 92 27
7 62 58
75 76 37
85 85 71
50 42 68
19 67 40
93 40 71
77 61 9
15 14 85
25 25 97
71 86 34
7 55 65
90 63 36
42 65 78
20 62 88
43 82 18
58 27 76
41 54 55
14 59 83
31 47 82
22 21 46
0 10 42
11 73 54
12 88 91
92 55 47
81 30 41
32 15 55
100 28 10
10 72 100
63 74 95
34 44 71
39 62 19
2 96 76
85 9 98
1 22 6
46 59 25
90 47 68
100 23 20
95 11 94
38 4 1
90 37 82
38 15 17
28 44 77
77 67 94
97 44 60
15 19 12
38 13 25
7 55 85
85 33 65
54 28 31
47 52 75
18 82 44
68 47 78
12 55 55
29 42 62
54 70 59
79 100 64
4 95 82
67 7 97
49 47 74
61 12 61
79 46 84
89 48 41
36 17 39
34 15 71
10 36 76
40 5 31
84 26 67
75 28 25
48 16 37
23 3 100
84 70 75
39 5 87
54 31 99
92 33 47
75 18 15
97 40 45
46 65 73
37 26 33
41 67 73
93 62 100
86 23 47
45 24 7
91 25 16
34 44 91
4 99 54
22 75 38
93 37 34
100 91 95
2 32 95
97 82 93
38 92 85
5 34 58
16 93 89
99 58 92
93 5 46
48 19 14
68 63 40
91 65 22
63 53 74
59 46 2
15 27 85
49 11 58
56 92 59
34 78 21
39 62 100
43 19 26
87 21 91
7 78 53
51 16 83
27 65 77
22 14 70
68 82 88
17 24 45
82 94 57
49 18 95
47 2 34
97 18 34
61 63 52
100 66 13
9 77 77
5 42 25
67 56 15
83 21 71
60 81 24
54 8 62
39 85 37
32 46 61
93 28 75
64 85 30
57 61 15
83 39 80
2 86 38
59 60 85
50 22 62
35 81 8
31 11 98
15 87 67
4 80 61
5 74 9
82 24 95
94 75 65
50 20 90
84 58 8
14 46 40
100 33 89
79 4 33
63 47 47
88 58 41
61 95 87
8 58 1
79 13 6
33 56 65
58 18 38
27 23 72
90 93 62
2 47 93
40 76 92
67 67 62
36 98 30
31 30 58
4 1 83
98 13 29
35 62 33
62 87 92
41 12 92
2 76 15
62 24 38
97 16 13
69 25 52
91 63 85
87 12 14
35 99 22
79 6 30
70 88 73
36 86 34
55 47 53
20 28 98
86 22 44
69 18 21
21 89 97
48 86 21
10 34 81
38 86 11
87 40 57
41 85 37
24 64 84
86 98 75
55 77 36
84 63 23
86 14 22
54 12 86
70 44 46
70 100 38
99 13 4
73 41 26
97 48 53
8 100 13
18 18 95
22 15 99
35 29 87
96 10 58
93 79 38
64 81 11
79 70 92
100 27 67
32 47 87
19 32 19
57 76 73
87 47 83
51 61 95
67 10 77
30 41 28
20 56 69
23 5 33
92 67 54
5 47 66
30 61 23
2 72 59
90 77 46
84 18 41
99 92 73
53 76 77
87 5 14
96 55 72
89 8 11
99 3 95
1 73 59
91 10 57
7 56 41
42 62 90
52 44 12
13 64 55
