500 1000
339 278
96 336
413 150
403 28
211 264
41 427
93 212
157 430
461 363
242 136
59 23
3 168
209 12
119 374
400 285
327 325
51 414
367 481
89 363
321 282
126 85
373 6
235 314
269 396
191 315
279 365
251 88
9 179
193 404
355 400
421 177
453 13
437 95
6 71
53 468
298 403
465 153
57 281
127 366
417 120
261 32
350 272
176 210
110 357
442 87
291 184
157 29
73 330
58 271
45 216
161 297
315 246
47 422
346 489
193 342
51 1
477 125
119 357
314 228
36 437
33 438
201 408
355 359
456 238
356 319
205 12
413 277
473 264
295 107
361 319
65 370
390 497
233 471
171 500
201 145
451 140
345 170
445 465
380 356
293 112
17 300
379 69
481 312
51 302
31 379
101 237
445 23
221 417
257 425
495 125
101 453
222 51
229 474
412 431
103 161
438 482
405 460
450 169
51 427
145 341
61 377
313 108
421 180
267 413
357 160
25 211
255 207
114 373
356 320
380 405
30 441
236 229
51 485
361 225
19 397
31 85
325 173
251 386
379 141
217 214
121 25
311 82
185 233
71 5
452 274
101 256
121 80
313 206
108 5
94 255
435 445
305 7
465 343
305 190
277 459
429 309
245 304
290 149
61 68
29 30
1 289
454 491
500 364
242 393
251 153
101 189
454 437
441 422
341 29
351 249
13 295
204 44
79 429
1 182
87 160
286 135
89 216
9 130
237 286
148 336
301 239
480 290
97 293
186 145
311 183
441 70
133 262
121 118
4 82
211 426
33 178
461 127
369 115
441 359
433 101
197 495
133 79
435 291
91 52
481 94
340 313
105 356
81 413
191 470
287 356
421 434
457 339
321 285
453 107
241 238
96 218
11 284
335 374
94 484
147 258
395 230
401 119
451 389
243 158
234 359
231 418
392 364
369 174
58 463
481 293
88 116
298 75
478 452
352 38
461 31
351 82
257 3
110 297
53 81
79 471
445 380
246 37
105 484
114 358
257 412
151 237
81 106
88 245
356 435
126 456
147 269
75 306
5 483
11 94
325 94
459 44
237 214
484 263
201 420
221 295
383 236
168 154
340 329
176 211
407 337
466 91
41 405
432 134
466 74
5 306
1 4
411 196
412 121
43 264
493 482
401 37
351 19
163 33
285 322
181 173
419 41
377 399
291 348
1 74
127 23
429 83
421 205
123 399
41 279
159 263
4 349
253 273
289 336
198 366
238 277
143 202
60 434
314 229
383 221
373 335
219 377
71 53
320 60
61 17
417 40
1 110
294 115
283 427
350 224
298 33
283 376
151 91
401 132
242 495
162 104
261 483
148 416
201 405
25 52
5 135
87 416
357 96
39 298
309 155
394 88
25 22
259 361
403 186
11 431
171 315
217 321
301 29
476 491
461 119
192 429
423 311
41 226
51 438
325 223
51 158
220 127
100 152
91 29
323 389
231 78
141 200
413 88
424 158
333 18
136 369
333 196
181 267
313 29
145 279
336 173
431 1
26 284
325 383
254 335
127 422
116 458
395 263
353 217
201 163
319 218
143 16
107 365
271 492
365 38
253 372
361 357
191 471
81 12
174 362
134 113
301 139
289 490
429 105
126 142
157 470
121 457
441 150
11 315
337 184
292 36
393 394
311 110
164 265
281 296
2 334
403 356
416 469
261 434
379 172
367 141
346 262
271 51
401 76
289 125
122 290
337 239
277 384
28 344
125 482
351 12
405 193
59 369
263 175
127 217
492 488
457 458
251 434
313 419
74 227
21 394
281 306
371 60
181 63
357 281
183 11
481 84
461 209
175 58
484 211
101 191
184 139
171 168
260 181
86 400
113 155
135 233
491 374
491 164
274 95
352 352
297 243
381 16
336 187
192 135
472 223
352 144
99 355
257 140
318 419
337 270
321 234
467 320
26 88
158 451
75 338
19 111
301 205
428 330
349 393
63 106
498 362
85 448
1 383
14 52
355 354
349 295
217 108
365 165
221 481
5 355
252 434
429 313
328 210
241 109
406 496
163 296
72 302
253 72
1 244
153 90
283 379
101 197
293 214
315 371
493 116
223 140
432 199
11 203
204 129
129 72
319 139
376 41
213 227
173 226
413 146
13 340
14 104
326 43
225 175
25 331
499 14
384 361
301 333
405 491
156 296
487 242
91 477
361 302
401 493
65 441
458 236
393 107
273 252
100 31
157 166
273 126
190 48
489 132
60 432
485 428
87 44
464 269
494 144
245 395
101 99
249 253
375 196
51 180
373 99
101 479
499 298
157 273
377 413
444 401
442 433
106 452
287 50
95 407
3 326
53 298
480 116
361 15
446 101
77 330
238 380
345 415
376 266
481 127
473 130
389 410
491 396
25 277
212 27
101 287
428 101
177 417
51 45
301 327
171 295
367 47
25 63
359 343
189 308
41 370
241 485
5 383
216 217
324 38
8 103
161 89
481 442
233 129
81 163
41 497
459 312
1 488
189 291
351 134
321 495
410 355
109 476
375 252
224 312
121 182
280 500
196 15
317 347
205 392
141 124
460 337
128 282
181 372
79 97
23 265
200 301
159 336
171 458
269 30
371 293
464 350
371 141
125 256
175 26
209 261
441 458
49 484
341 327
386 128
185 170
91 299
261 222
281 117
42 383
213 36
340 109
17 396
181 469
385 174
162 255
362 482
68 397
449 281
9 356
439 367
207 282
467 402
99 414
243 423
421 162
201 72
70 1
1 443
425 5
14 359
351 118
489 91
61 115
202 366
409 121
468 401
453 5
15 357
71 369
40 129
87 375
91 11
166 490
331 427
217 200
1 63
225 349
338 308
494 70
365 140
461 86
261 43
383 208
201 51
186 289
301 141
199 326
164 195
461 192
261 321
53 143
61 423
291 309
321 209
489 46
249 88
226 236
185 49
357 31
161 52
473 90
493 373
297 58
189 338
341 140
471 15
25 24
85 16
129 354
477 255
101 211
165 159
273 142
32 70
101 291
411 148
25 282
63 18
251 402
415 479
406 67
445 162
123 37
63 500
253 261
231 68
197 9
460 467
161 194
3 220
305 97
361 118
31 451
63 209
131 26
481 448
337 435
356 64
186 352
101 298
201 362
105 402
367 429
133 83
251 434
55 124
211 152
101 447
154 230
257 50
373 90
389 64
341 485
247 37
485 72
243 201
177 491
126 451
207 251
437 379
357 259
233 135
260 478
486 237
329 473
176 211
481 250
470 377
359 303
81 83
127 15
169 459
221 170
214 428
496 314
307 261
216 393
34 213
472 314
107 129
397 357
391 142
190 196
11 355
85 9
129 227
236 415
69 358
225 211
233 224
463 127
446 326
205 307
85 48
171 285
81 341
211 74
361 291
231 367
322 105
321 291
149 236
116 102
145 411
442 89
446 449
276 457
301 152
229 450
61 165
53 73
6 234
253 141
65 137
81 429
263 376
157 57
251 386
208 72
401 325
225 368
233 31
335 287
281 146
17 9
129 306
473 231
188 208
101 379
4 259
488 8
101 211
9 309
441 403
211 107
359 305
388 2
31 449
49 1
151 109
337 288
265 463
334 219
58 346
55 183
405 158
20 295
221 58
187 127
281 129
227 185
151 366
288 349
453 124
51 486
188 145
353 56
7 301
1 290
401 50
273 43
275 425
233 110
213 55
140 217
181 500
79 264
383 306
471 278
320 329
233 418
346 184
132 238
484 354
101 25
290 285
55 144
85 43
125 97
399 226
372 264
61 395
99 336
15 83
362 316
422 315
141 281
347 65
331 24
13 243
406 326
445 464
143 81
411 492
87 45
29 162
361 342
159 349
289 339
1 443
357 489
236 97
345 99
229 436
39 463
341 203
25 441
87 172
297 290
95 40
289 351
197 487
393 193
469 158
376 464
86 426
414 210
121 96
293 1
41 447
329 30
193 425
1 245
193 273
89 148
214 120
338 349
81 29
251 360
151 32
17 489
363 69
133 370
495 488
291 212
495 4
241 65
489 187
317 42
107 123
335 266
197 24
187 33
205 188
481 295
190 373
65 145
181 23
358 399
109 477
484 203
389 459
243 169
427 429
281 159
297 63
285 55
26 335
121 136
323 465
66 204
222 343
185 301
489 447
114 122
178 388
283 44
176 211
333 371
122 418
409 325
123 359
395 394
175 110
96 47
351 203
73 97
497 375
39 261
283 7
172 235
127 353
258 319
269 6
353 193
89 188
445 257
127 249
351 55
445 310
396 127
361 413
165 158
239 162
1 428
357 372
81 85
481 112
377 14
459 162
363 325
369 327
307 379
289 226
355 328
417 381
451 291
41 301
467 491
149 120
389 194
51 449
361 88
369 430
19 184
317 338
179 137
215 131
422 126
308 174
61 86
13 340
105 53
105 177
265 431
123 38
433 72
349 118
126 139
301 148
222 158
488 493
451 479
421 348
165 27
172 493
465 478
361 272
231 380
361 87
28 364
65 110
373 67
312 28
281 272
33 336
297 204
311 216
317 4
249 43
1 156
433 132
408 459
189 188
379 200
301 73
