60
1 21 
1 27 
2 27 53 
1 51 
4 51 18 31 36 
1 48 
4 25 39 54 60 
2 58 9 
1 8 
1 50 
1 25 
3 21 24 59 
1 46 
2 38 15 
1 14 
1 51 
3 54 23 38 
1 5 
1 26 
2 51 37 
3 1 12 27 
2 58 49 
3 17 26 57 
1 12 
5 7 11 48 52 56 
2 19 23 
4 2 3 21 48 
1 54 
1 47 
2 54 47 
2 5 35 
1 51 
2 51 55 
1 36 
1 31 
2 34 5 
1 20 
2 14 17 
1 7 
1 55 
2 54 43 
2 58 46 
1 41 
1 59  
1 58 
2 13 42 
2 29 30 
3 6 27 25 
1 22 
2 10 56 
7 4 5 16 20 32 33 58 
1 25 
1 3 
5 17 28 30 41 7 
2 40 33 
3 50 25 58 
1 23 
6 8 22 42 45 51 56 
2 44 12 
1 7 
